#beta	transition energy [Ry]	dipole strength	initial state energy [Ry]
0.0	0.050155	0.0380636	-0.062501
2.75e-05	0.05021	0.0380636	-0.06261
5.75e-05	0.050273	0.0380636	-0.062729
8.75e-05	0.050339	0.0380636	-0.062848
0.0001175	0.050407	0.0380636	-0.062966
0.0001375	0.050452	0.0381328	-0.063044
0.0001575	0.0505	0.0382102	-0.063123
0.0001675	0.050524	0.0382512	-0.063162
0.0001875	0.050573	0.0383389	-0.06324
0.0001975	0.050597	0.0383841	-0.063279
0.0002075	0.050622	0.0384302	-0.063318
0.0002175	0.050646	0.0384778	-0.063356
0.0002275	0.050672	0.0385257	-0.063395
0.0002375	0.050698	0.0385737	-0.063434
0.0002475	0.050723	0.038621	-0.063472
0.0002575	0.050748	0.0386694	-0.06351
0.0002675	0.050775	0.0387177	-0.063549
0.0002775	0.050801	0.0387654	-0.063588
0.0002875	0.050827	0.0388121	-0.063626
0.0002975	0.050854	0.0388588	-0.063664
0.0003075	0.05088	0.0389043	-0.063702
0.0003275	0.050935	0.0389903	-0.063779
0.0003475	0.050989	0.0390708	-0.063855
0.0003675	0.051045	0.0391418	-0.063931
0.0003875	0.0511	0.039204	-0.064006
0.0004075	0.051157	0.0392533	-0.064082
0.0004275	0.051214	0.0392903	-0.064157
0.0004475	0.051271	0.0393111	-0.064232
0.0004675	0.05133	0.039316	-0.064307
0.0004875	0.051389	0.0393011	-0.064382
0.0005075	0.051447	0.0392663	-0.064456
0.0005275	0.051506	0.039208	-0.06453
0.0005475	0.051566	0.0391258	-0.064604
0.0005675	0.051626	0.039015	-0.064677
0.0005875	0.051687	0.0388752	-0.064751
0.0006075	0.051748	0.0387008	-0.064824
0.0006275	0.051809	0.0384901	-0.064897
0.0006475	0.05187	0.0382359	-0.06497
0.0006675	0.051931	0.0379339	-0.065042
0.0006875	0.051993	0.037573	-0.065114
0.0007075	0.052055	0.0371425	-0.065186
0.0007275	0.052118	0.0366197	-0.065258
0.0007475	0.05218	0.035973	-0.065329
0.0007675	0.052243	0.0351365	-0.065401
0.0007875	0.052306	0.0339764	-0.065472
0.0008075	0.05237	0.0321318	-0.065543
0.0008275	0.052434	0.0282403	-0.065614
0.0008375	0.052465	0.0235062	-0.065649
0.0008475	0.052498	0.00940169	-0.065684
0.00085	0.052507	0.0020954	-0.065693
0.00085125	0.052511	1.19164e-05	-0.065697
0.0008525	0.052517	0.0073274	-0.065702
0.000853125	0.05252	0.0204362	-0.065704
0.00085375	0.052523	0.0433119	-0.065706
0.000854375	0.052527	0.0743556	-0.065708
0.000855	0.052531	0.107438	-0.06571
0.000855625	0.052536	0.13675	-0.065712
0.000856875	0.052547	0.177911	-0.065717
0.0008575	0.052553	0.191384	-0.065719
0.00085875	0.052564	0.209658	-0.065723
0.00086125	0.052587	0.228583	-0.065732
0.00086625	0.052635	0.242932	-0.06575
0.00087625	0.05273	0.25073	-0.065785
0.00088625	0.052825	0.252377	-0.06582
0.00089625	0.052921	0.252254	-0.065855
0.00090625	0.053017	0.251336	-0.06589
0.00092625	0.053211	0.248274	-0.06596
0.0009275	0.053223	0.248021	-0.065964
0.00094625	0.053404	0.244227	-0.066029
0.00096625	0.053598	0.239395	-0.066098
0.0009675	0.05361	0.239045	-0.066102
0.00098625	0.053793	0.233797	-0.066167
0.00100625	0.053988	0.227301	-0.066236
0.0010075	0.054	0.226826	-0.06624
0.00102625	0.054182	0.219701	-0.066304
0.00104625	0.054377	0.2106	-0.066373
0.0010475	0.054389	0.209899	-0.066377
0.00106625	0.05457	0.19938	-0.06644
0.00107625	0.054667	0.192658	-0.066474
0.00108625	0.054763	0.184946	-0.066508
0.0010875	0.054775	0.183826	-0.066512
0.00109625	0.054859	0.175987	-0.066542
0.00110625	0.054953	0.165431	-0.066575
0.00111625	0.055047	0.152841	-0.066609
0.00112125	0.055093	0.145624	-0.066626
0.00112625	0.055139	0.137701	-0.066643
0.0011275	0.05515	0.13553	-0.066647
0.00113125	0.055185	0.129017	-0.06666
0.00113625	0.055229	0.119524	-0.066676
0.00114125	0.055274	0.10921	-0.066693
0.00114625	0.055317	0.0981149	-0.06671
0.00115125	0.05536	0.0863565	-0.066727
0.00115375	0.055381	0.0802918	-0.066735
0.00115625	0.055401	0.0741507	-0.066743
0.00115875	0.055422	0.0679775	-0.066752
0.00116375	0.055461	0.0557396	-0.066768
0.00116625	0.055481	0.049788	-0.066777
0.0011675	0.05549	0.0469074	-0.066781
0.00116875	0.0555	0.0440264	-0.066785
0.00117125	0.055519	0.0385115	-0.066794
0.00117375	0.055537	0.0332954	-0.066802
0.00117625	0.055555	0.0284235	-0.06681
0.00117875	0.055573	0.0239322	-0.066819
0.00118125	0.05559	0.0198477	-0.066827
0.00118375	0.055607	0.0161851	-0.066835
0.00118875	0.05564	0.0101341	-0.066852
0.00119125	0.055657	0.00772737	-0.066861
0.00119375	0.055672	0.00570643	-0.066869
0.00119625	0.055688	0.00404676	-0.066877
0.00119875	0.055703	0.0027195	-0.066886
0.00120125	0.055718	0.00169412	-0.066894
0.00120625	0.055748	0.000425508	-0.066911
0.0012075	0.055755	0.000320366	-0.066915
0.00121125	0.055775	3.97776e-06	-0.066927
0.00121625	0.055803	0.000220741	-0.066944
0.00122125	0.05583	0.000901737	-0.06696
0.00122625	0.055857	0.00190902	-0.066977
0.00123125	0.055882	0.00313617	-0.066993
0.00123625	0.055908	0.00450136	-0.06701
0.00124125	0.055932	0.00594745	-0.067026
0.00124625	0.055957	0.00742924	-0.067043
0.0012475	0.055963	0.00780056	-0.067047
0.00125125	0.055981	0.00891473	-0.067059
0.00126125	0.056028	0.0118124	-0.067092
0.00126625	0.056051	0.0131973	-0.067108
0.00127125	0.056074	0.0145284	-0.067125
0.00127625	0.056096	0.015801	-0.067141
0.00128125	0.056119	0.0170123	-0.067158
0.00128625	0.056141	0.0181611	-0.067174
0.0012875	0.056146	0.0184246	-0.067178
0.00129625	0.056185	0.0202709	-0.067207
0.00130625	0.056227	0.0221374	-0.067239
0.00131625	0.056269	0.0237742	-0.067272
0.00132625	0.05631	0.025198	-0.067305
0.0013275	0.056315	0.0253514	-0.067309
0.00133625	0.05635	0.0264269	-0.067337
0.00134625	0.056391	0.0274789	-0.06737
0.00135625	0.05643	0.0283713	-0.067402
0.00136625	0.056469	0.0291203	-0.067435
0.0013675	0.056474	0.0291977	-0.067439
0.00137625	0.056507	0.0297411	-0.067467
0.00138625	0.056545	0.0302474	-0.067499
0.00139625	0.056583	0.0306515	-0.067532
0.00140625	0.05662	0.0309644	-0.067564
0.00141625	0.056657	0.0311965	-0.067596
0.00143625	0.05673	0.0314532	-0.06766
0.00145625	0.056801	0.0314774	-0.067724
0.00147625	0.056871	0.031315	-0.067787
0.0014875	0.05691	0.0311396	-0.067823
0.00149625	0.056941	0.0310042	-0.067851
0.00151625	0.05701	0.0305702	-0.067914
0.0015275	0.057048	0.0302675	-0.067949
0.00153625	0.057078	0.0300329	-0.067977
0.00155625	0.057146	0.0294075	-0.06804
0.0015675	0.057184	0.0289921	-0.068075
0.00159625	0.05728	0.0279319	-0.068165
0.0016075	0.057318	0.0274434	-0.0682
0.00163625	0.057413	0.0261948	-0.068289
0.0016475	0.05745	0.0256374	-0.068324
0.00167625	0.057543	0.0242113	-0.068412
0.0016875	0.05758	0.0235814	-0.068447
0.00171625	0.057674	0.0219683	-0.068535
0.0017275	0.05771	0.0212052	-0.068569
0.0017675	0.057839	0.0184793	-0.06869
0.00179625	0.057932	0.0165073	-0.068777
0.0018075	0.057968	0.0155899	-0.068811
0.00181625	0.057996	0.0148751	-0.068837
0.00183625	0.05806	0.0131034	-0.068897
0.0018475	0.058097	0.0120179	-0.068931
0.00185625	0.058125	0.0111716	-0.068957
0.00187625	0.058191	0.00906065	-0.069017
0.0018875	0.058227	0.00777089	-0.06905
0.00189625	0.058256	0.00676478	-0.069076
0.00190625	0.058289	0.00555673	-0.069105
0.00191625	0.058323	0.00432534	-0.069135
0.00192625	0.058356	0.0030988	-0.069164
0.0019275	0.058361	0.0029528	-0.069168
0.00193625	0.058391	0.00192877	-0.069194
0.00194625	0.058425	0.000906068	-0.069223
0.00195625	0.058462	0.000187545	-0.069253
0.00196125	0.05848	1.87542e-05	-0.069268
0.00196625	0.058498	3.50154e-05	-0.069282
0.0019675	0.058503	9.96595e-05	-0.069286
0.00197125	0.058518	0.000293369	-0.069297
0.00197625	0.058536	0.000862756	-0.069311
0.00198125	0.058557	0.00182345	-0.069326
0.00198625	0.058577	0.00326396	-0.06934
0.00199125	0.058598	0.00527427	-0.069355
0.00199625	0.05862	0.0079345	-0.069369
0.00200125	0.058643	0.0112994	-0.069384
0.00200625	0.058666	0.0153812	-0.069398
0.0020075	0.058673	0.0165694	-0.069402
0.00201125	0.058691	0.0201363	-0.069413
0.00201625	0.058716	0.0254613	-0.069427
0.00202125	0.058743	0.0312018	-0.069442
0.00202625	0.05877	0.0371743	-0.069456
0.00203125	0.058799	0.0431933	-0.069471
0.00203625	0.058828	0.0490944	-0.069485
0.00204125	0.058859	0.05475	-0.0695
0.00204625	0.058889	0.0600737	-0.069514
0.0020475	0.058897	0.0613088	-0.069518
0.00205125	0.058921	0.0650179	-0.069529
0.00205625	0.058953	0.0695643	-0.069543
0.00206125	0.058986	0.0737166	-0.069558
0.00206625	0.059018	0.0774932	-0.069572
0.00207125	0.059051	0.08092	-0.069586
0.00207625	0.059085	0.0840272	-0.069601
0.00208625	0.059151	0.0894039	-0.069629
0.0020875	0.05916	0.0899588	-0.069633
0.00209625	0.05922	0.0938535	-0.069658
0.00210625	0.059289	0.0975635	-0.069687
0.00211625	0.059359	0.100684	-0.069716
0.00212625	0.059429	0.103331	-0.069744
0.0021275	0.059438	0.103614	-0.069748
0.00213625	0.0595	0.105599	-0.069773
0.00214625	0.05957	0.107552	-0.069801
0.00216625	0.05971	0.110711	-0.069857
0.0021675	0.059719	0.11086	-0.069861
0.00218625	0.059853	0.113118	-0.069914
0.00220625	0.059995	0.114949	-0.06997
0.00222625	0.060139	0.116335	-0.070026
0.00224625	0.060282	0.117347	-0.070082
0.00226625	0.060426	0.11805	-0.070138
0.00228625	0.060571	0.118473	-0.070194
0.00230625	0.060714	0.118658	-0.070249
0.00232625	0.06086	0.118614	-0.070305
0.00234625	0.061004	0.118373	-0.07036
0.0023675	0.061158	0.117834	-0.070418
0.00238625	0.061293	0.117365	-0.070469
0.0024075	0.061447	0.116826	-0.070527
0.00242625	0.061582	0.116358	-0.070578
0.00243625	0.061654	0.117757	-0.070605
0.00244125	0.061689	0.125176	-0.070618
0.002441875	0.061694	0.116168	-0.07062
0.0024425	0.061697	0.0660053	-0.070622
0.002443125	0.061699	0.0364401	-0.070623
0.00244375	0.061701	0.0261999	-0.070625
0.002444375	0.061703	0.021579	-0.070627
0.002445625	0.061707	0.0174029	-0.07063
0.00244625	0.061709	0.0162913	-0.070632
0.0024475	0.061712	0.0148555	-0.070635
0.00245	0.06172	0.0133341	-0.070642
0.002455	0.061734	0.0119484	-0.070655
0.002465	0.061764	0.0106627	-0.070682
0.00246625	0.061768	0.0105459	-0.070686
0.00247625	0.061798	0.00974038	-0.070713
0.0024875	0.061831	0.00899523	-0.070743
0.00249625	0.061857	0.00841379	-0.070766
0.0025275	0.06195	0.00656434	-0.07085
0.00253625	0.061976	0.00604223	-0.070873
0.00255625	0.062035	0.00490914	-0.070926
0.0025675	0.062069	0.00429285	-0.070956
0.00257625	0.062096	0.00381148	-0.070979
0.00259625	0.062155	0.00276684	-0.071031
0.0026075	0.06219	0.00222728	-0.071061
0.00261625	0.062217	0.00180534	-0.071084
0.00263625	0.062278	0.000974069	-0.071136
0.00264625	0.06231	0.000627978	-0.071163
0.0026475	0.062314	0.000592535	-0.071166
0.00265625	0.062342	0.000343371	-0.071189
0.00266625	0.062373	0.000134147	-0.071215
0.00267625	0.062405	1.74386e-05	-0.071241
0.00268625	0.062438	1.3952e-05	-0.071267
0.0026875	0.062442	3.0891e-05	-0.07127
0.00269625	0.06247	0.000148502	-0.071293
0.00270625	0.062504	0.000450729	-0.071319
0.00271625	0.062538	0.000955959	-0.071345
0.00272625	0.062572	0.00170579	-0.071371
0.0027275	0.062576	0.00183612	-0.071374
0.00273625	0.062606	0.00274819	-0.071396
0.00274625	0.062642	0.00413872	-0.071422
0.00275625	0.062678	0.00593961	-0.071447
0.00276625	0.062716	0.00821858	-0.071473
0.0027675	0.062721	0.00855367	-0.071476
0.00277125	0.062735	0.00955908	-0.071486
0.00277625	0.062753	0.0110456	-0.071498
0.00278125	0.062773	0.0126869	-0.071511
0.00279125	0.062814	0.0164667	-0.071537
0.00279625	0.062834	0.0186198	-0.071549
0.00280125	0.062855	0.0209566	-0.071562
0.00280625	0.062876	0.0234812	-0.071575
0.0028075	0.062881	0.0241596	-0.071578
0.00281125	0.062898	0.0261956	-0.071588
0.00281625	0.062919	0.029101	-0.0716
0.00282125	0.062942	0.0321963	-0.071613
0.00282625	0.062965	0.0354776	-0.071626
0.00283125	0.062989	0.0389385	-0.071639
0.00283625	0.063012	0.0425702	-0.071651
0.00284125	0.063036	0.0463613	-0.071664
0.00284625	0.063061	0.0502981	-0.071677
0.0028475	0.063067	0.051314	-0.07168
0.00285125	0.063085	0.0543634	-0.071689
0.00285625	0.063111	0.0585401	-0.071702
0.00286125	0.063136	0.062809	-0.071714
0.00286625	0.063162	0.0671497	-0.071727
0.00287125	0.063188	0.0715411	-0.071739
0.00287625	0.063215	0.0759619	-0.071752
0.00288125	0.063242	0.080391	-0.071764
0.00288625	0.06327	0.0848082	-0.071777
0.0028875	0.063277	0.0859038	-0.07178
0.00289125	0.063298	0.0891927	-0.071789
0.00289625	0.063327	0.0935275	-0.071802
0.00290125	0.063355	0.0977964	-0.071814
0.00290625	0.063385	0.101984	-0.071827
0.00291625	0.063444	0.110067	-0.071852
0.00292125	0.063473	0.11394	-0.071864
0.00292625	0.063504	0.117689	-0.071877
0.0029275	0.063511	0.118593	-0.07188
0.00293125	0.063533	0.121307	-0.071889
0.00293625	0.063565	0.124788	-0.071902
0.00294125	0.063595	0.128128	-0.071914
0.00295125	0.063657	0.134371	-0.071939
0.00296125	0.063719	0.140015	-0.071964
0.0029675	0.063759	0.143156	-0.07198
0.00297125	0.063782	0.145043	-0.071989
0.00298125	0.063845	0.14944	-0.072014
0.00300125	0.06397	0.156276	-0.072063
0.0030075	0.064009	0.157765	-0.072078
0.00301125	0.064032	0.15866	-0.072087
0.00302125	0.064095	0.160306	-0.072112
0.00303125	0.064155	0.161165	-0.072136
0.0030475	0.064253	0.160638	-0.072176
0.00305125	0.064275	0.160309	-0.072185
0.00305625	0.064304	0.159518	-0.072197
0.00306125	0.064334	0.158486	-0.07221
0.00306625	0.064362	0.157208	-0.072222
0.00307125	0.064391	0.155683	-0.072234
0.00307625	0.064418	0.153912	-0.072246
0.00308125	0.064446	0.151895	-0.072259
0.00308625	0.064473	0.149641	-0.072271
0.0030875	0.06448	0.149019	-0.072274
0.00309125	0.0645	0.147155	-0.072283
0.00309625	0.064526	0.144451	-0.072295
0.00310125	0.064551	0.141544	-0.072307
0.00310625	0.064576	0.138453	-0.072319
0.00311125	0.064601	0.135197	-0.072331
0.00311625	0.064625	0.131799	-0.072343
0.00312125	0.064649	0.128284	-0.072355
0.00312625	0.064672	0.124679	-0.072367
0.0031275	0.064678	0.123761	-0.07237
0.00313125	0.064694	0.121008	-0.072379
0.00313625	0.064716	0.117296	-0.072391
0.00314125	0.064738	0.113571	-0.072403
0.00314625	0.06476	0.109853	-0.072415
0.00315125	0.064781	0.106166	-0.072428
0.00315625	0.064802	0.102527	-0.07244
0.00316125	0.064822	0.098952	-0.072452
0.00316625	0.064842	0.0954559	-0.072464
0.0031675	0.064847	0.094605	-0.072467
0.00317125	0.064861	0.0920501	-0.072476
0.00317625	0.06488	0.0887436	-0.072488
0.00318125	0.064898	0.085543	-0.0725
0.00319125	0.064934	0.0794763	-0.072523
0.00319625	0.064952	0.0766143	-0.072535
0.00320125	0.064969	0.0738669	-0.072547
0.00320625	0.064986	0.071233	-0.072559
0.0032075	0.06499	0.0706029	-0.072562
0.00321125	0.065003	0.068711	-0.072571
0.00321625	0.06502	0.0662979	-0.072583
0.00322625	0.065053	0.0617844	-0.072607
0.00323625	0.065085	0.0576621	-0.07263
0.00324625	0.065117	0.0538978	-0.072654
0.0032475	0.065121	0.0534686	-0.072657
0.00325625	0.065148	0.050459	-0.072678
0.00326625	0.065178	0.0473123	-0.072701
0.00327625	0.065208	0.0444271	-0.072725
0.00328625	0.065237	0.0417756	-0.072748
0.0032875	0.065241	0.041483	-0.072751
0.00330625	0.065296	0.0370774	-0.072795
0.00332625	0.065353	0.0330436	-0.072842
0.0033275	0.065357	0.0328256	-0.072845
0.00334625	0.065409	0.0295414	-0.072888
0.00336625	0.065464	0.0264628	-0.072934
0.0033675	0.065468	0.026302	-0.072937
0.00340625	0.065575	0.0212721	-0.073027
0.0034075	0.065579	0.0211515	-0.07303
0.0034475	0.065688	0.0172513	-0.073122
0.00348625	0.065793	0.0133943	-0.07321
0.0034875	0.065797	0.0132973	-0.073213
0.00352625	0.065902	0.0102576	-0.0733
0.0035275	0.065906	0.0101692	-0.073303
0.00354625	0.065957	0.0088377	-0.073345
0.00356625	0.066012	0.00750631	-0.07339
0.0035675	0.066016	0.00742899	-0.073393
0.00358625	0.066068	0.00626295	-0.073435
0.00360625	0.066123	0.00510593	-0.073479
0.0036075	0.066127	0.00503975	-0.073482
0.00362625	0.06618	0.00404081	-0.073524
0.00364625	0.066236	0.00307216	-0.073568
0.0036475	0.06624	0.00301873	-0.073571
0.00366625	0.066294	0.00221118	-0.073612
0.00368625	0.066352	0.00146836	-0.073656
0.0036875	0.066356	0.00143068	-0.073659
0.00370625	0.066412	0.000859642	-0.0737
0.00371625	0.066442	0.00061016	-0.073722
0.00372625	0.066472	0.00040016	-0.073744
0.0037275	0.066476	0.000379309	-0.073747
0.00373625	0.066503	0.000232253	-0.073766
0.00375625	0.066565	3.01895e-05	-0.07381
0.00376625	0.066595	2.7062e-07	-0.073831
0.0037675	0.066599	2.92729e-06	-0.073834
0.00377625	0.066627	2.04663e-05	-0.073853
0.00378625	0.066659	9.23088e-05	-0.073875
0.00379625	0.066692	0.000217287	-0.073897
0.00380625	0.066724	0.000396613	-0.073918
0.0038075	0.066728	0.000429551	-0.073921
0.00382625	0.066789	0.000920454	-0.073961
0.00383625	0.066823	0.00126556	-0.073983
0.00384625	0.066856	0.00166571	-0.074004
0.0038475	0.06686	0.00172249	-0.074007
0.00385625	0.06689	0.00211928	-0.074026
0.00386625	0.066924	0.00262526	-0.074047
0.00387625	0.066958	0.00318183	-0.074068
0.0038875	0.066997	0.00388709	-0.074092
0.00389625	0.067028	0.00443565	-0.074111
0.00391625	0.067097	0.00585519	-0.074153
0.0039275	0.067137	0.00672874	-0.074177
0.00393625	0.067168	0.00740914	-0.074195
0.00395625	0.067239	0.00906017	-0.074237
0.0039675	0.067279	0.0100199	-0.074261
0.00397625	0.06731	0.0107681	-0.074279
0.00399625	0.067382	0.0124894	-0.074321
0.0040075	0.067423	0.0134395	-0.074345
0.00401625	0.067454	0.0141808	-0.074363
0.0040475	0.067565	0.0166128	-0.074428
0.00405625	0.067596	0.0173013	-0.074446
0.00407625	0.067667	0.0186508	-0.074488
0.0040875	0.067706	0.0193038	-0.074511
0.00409625	0.067736	0.0198144	-0.074529
0.00411625	0.067804	0.0207648	-0.07457
0.00412625	0.067837	0.0211549	-0.07459
0.0041275	0.067842	0.021196	-0.074593
0.00413625	0.067871	0.0214838	-0.074611
0.00414625	0.067903	0.0217524	-0.074631
0.00416625	0.067969	0.0221088	-0.074672
0.00417625	0.068001	0.0221955	-0.074693
0.00418625	0.068033	0.0222236	-0.074713
0.00419625	0.068064	0.0221955	-0.074733
0.00420625	0.068094	0.0221131	-0.074753
0.00421625	0.068126	0.0219774	-0.074774
0.00423625	0.068185	0.0215626	-0.074814
0.00424625	0.068215	0.0212904	-0.074834
0.0042475	0.068219	0.0212515	-0.074837
0.00425625	0.068245	0.020978	-0.074855
0.00426625	0.068272	0.0206302	-0.074874
0.00427625	0.068302	0.020251	-0.074895
0.00428625	0.068329	0.0198436	-0.074914
0.0042875	0.068333	0.0197882	-0.074917
0.00430625	0.068384	0.0189552	-0.074954
0.00431625	0.068412	0.0184817	-0.074974
0.00432625	0.068439	0.017993	-0.074994
0.0043275	0.068442	0.0179303	-0.074996
0.00433625	0.068464	0.0174904	-0.075013
0.00434625	0.068491	0.0169773	-0.075033
0.00435625	0.068517	0.0164564	-0.075053
0.0043675	0.068546	0.0158621	-0.075075
0.00437625	0.068568	0.0153981	-0.075092
0.00439625	0.068619	0.0143297	-0.075132
0.0044075	0.068647	0.0137308	-0.075154
0.00441625	0.068669	0.0132631	-0.075171
0.00443625	0.068718	0.0122071	-0.07521
0.0044475	0.068745	0.0116244	-0.075232
0.00445625	0.068766	0.0111691	-0.075249
0.00447625	0.068814	0.0101544	-0.075288
0.0044875	0.06884	0.00960039	-0.07531
0.00449625	0.068861	0.00916736	-0.075327
0.00451625	0.068907	0.00821114	-0.075365
0.0045275	0.068933	0.00769341	-0.075387
0.00453625	0.068953	0.00728859	-0.075404
0.00455625	0.068999	0.0064021	-0.075442
0.0045675	0.069025	0.00594047	-0.075464
0.00459625	0.069089	0.00474701	-0.075519
0.0046075	0.069114	0.00433482	-0.07554
0.00463625	0.069179	0.00326771	-0.075595
0.0046475	0.069203	0.00291346	-0.075616
0.00467625	0.069266	0.00199472	-0.07567
0.0046875	0.069291	0.00171119	-0.075691
0.00471625	0.069354	0.000973833	-0.075745
0.0047275	0.069379	0.000844091	-0.075766
0.0047675	0.069467	0.00036384	-0.075841
0.00479625	0.069528	2.25491e-07	-0.075893
0.0048075	0.069553	8.79121e-05	-0.075914
0.00483625	0.069615	0.000305514	-0.075967
0.0048475	0.069641	0.000551689	-0.075988
0.00485625	0.06966	0.000742668	-0.076004
0.00487625	0.069703	0.00141686	-0.07604
0.0048875	0.069728	0.00195428	-0.076061
0.00489625	0.069748	0.00237277	-0.076077
0.00491625	0.069793	0.00366384	-0.076113
0.0049275	0.069819	0.00461329	-0.076134
0.00493625	0.069838	0.00535376	-0.07615
0.00495625	0.069884	0.00751758	-0.076186
0.0049675	0.06991	0.00904828	-0.076206
0.00497625	0.06993	0.0102431	-0.076222
0.00499625	0.069977	0.0136306	-0.076258
0.0050075	0.070004	0.0159682	-0.076278
0.00501625	0.070025	0.017794	-0.076294
0.00503625	0.070073	0.0228563	-0.076329
0.00504625	0.070097	0.0257652	-0.076347
0.0050475	0.0701	0.0261621	-0.076349
0.00505625	0.070123	0.0289463	-0.076365
0.00506625	0.070147	0.0324161	-0.076382
0.00507625	0.070173	0.0361894	-0.0764
0.00508625	0.070199	0.0402793	-0.076418
0.0050875	0.070202	0.0408302	-0.07642
0.00509625	0.070225	0.044695	-0.076436
0.00510625	0.070251	0.0494461	-0.076453
0.00511625	0.070278	0.0545378	-0.076471
0.00512625	0.070306	0.0599707	-0.076489
0.0051275	0.070309	0.06069	-0.076491
0.00513625	0.070333	0.0657377	-0.076506
0.00514625	0.070361	0.0718305	-0.076524
0.00515625	0.070389	0.0782333	-0.076541
0.00516625	0.070419	0.0849225	-0.076559
0.0051675	0.070422	0.0857882	-0.076561
0.00517625	0.070447	0.091864	-0.076576
0.00518625	0.070476	0.0990225	-0.076593
0.00519625	0.070507	0.106353	-0.076611
0.00520625	0.070537	0.113804	-0.076628
0.0052075	0.070541	0.11474	-0.07663
0.00521625	0.070567	0.121313	-0.076645
0.00522625	0.070599	0.128816	-0.076663
0.00523625	0.07063	0.136251	-0.07668
0.0052475	0.070666	0.144305	-0.0767
0.00525625	0.070694	0.150611	-0.076715
0.00527625	0.070759	0.163807	-0.07675
0.0052875	0.070795	0.170239	-0.076769
0.00529625	0.070824	0.175277	-0.076784
0.00531625	0.070888	0.184518	-0.076818
0.0053275	0.070924	0.188233	-0.076837
0.00533625	0.070953	0.191147	-0.076852
0.00535625	0.071017	0.194919	-0.076886
0.00536625	0.071048	0.195709	-0.076903
0.00538625	0.07111	0.195132	-0.076937
0.00539625	0.07114	0.193826	-0.076954
0.00540625	0.07117	0.191893	-0.076971
0.0054075	0.071174	0.19158	-0.076973
0.00541625	0.0712	0.18938	-0.076988
0.00542625	0.071228	0.186352	-0.077004
0.00543625	0.071257	0.18287	-0.077021
0.00544625	0.071285	0.179002	-0.077038
0.0054475	0.071288	0.178479	-0.07704
0.00545625	0.071313	0.17481	-0.077055
0.00546625	0.071339	0.170364	-0.077071
0.00547625	0.071366	0.165729	-0.077088
0.00548625	0.071392	0.160963	-0.077105
0.0054875	0.071395	0.160359	-0.077107
0.00549625	0.071418	0.156118	-0.077122
0.00550625	0.071442	0.151243	-0.077138
0.00551625	0.071467	0.146382	-0.077155
0.00552625	0.071492	0.141571	-0.077172
0.0055275	0.071495	0.140981	-0.077174
0.00553625	0.071515	0.136835	-0.077188
0.00554625	0.071538	0.132202	-0.077205
0.00555625	0.071561	0.127692	-0.077221
0.00556625	0.071584	0.123317	-0.077238
0.0055675	0.071587	0.122801	-0.07724
0.00558625	0.071628	0.115008	-0.077271
0.00559625	0.071649	0.111086	-0.077287
0.00560625	0.071671	0.107321	-0.077304
0.0056075	0.071674	0.106872	-0.077306
0.00561625	0.071692	0.103713	-0.07732
0.00562625	0.071712	0.100259	-0.077336
0.00563625	0.071734	0.0969573	-0.077353
0.0056475	0.071756	0.0934976	-0.077371
0.00565625	0.071773	0.0907893	-0.077385
0.00567625	0.071814	0.0851681	-0.077418
0.0056875	0.071835	0.0822969	-0.077436
0.00569625	0.071852	0.0800489	-0.07745
0.00571625	0.071891	0.0753854	-0.077483
0.0057275	0.071912	0.0730003	-0.077501
0.00573625	0.071929	0.0711328	-0.077515
0.00575625	0.071966	0.0672491	-0.077547
0.0057675	0.071987	0.0652563	-0.077565
0.00577625	0.072003	0.063696	-0.077579
0.0058075	0.072059	0.0588269	-0.077629
0.00581625	0.072075	0.0574457	-0.077643
0.00583625	0.072111	0.0546893	-0.077675
0.0058475	0.072131	0.0532623	-0.077693
0.00585625	0.072146	0.0521449	-0.077707
0.00587625	0.072181	0.0497905	-0.077738
0.0058875	0.072201	0.0485659	-0.077756
0.00589625	0.072216	0.047607	-0.07777
0.00591625	0.07225	0.0455771	-0.077801
0.0059275	0.072269	0.0445583	-0.077819
0.00595625	0.072318	0.0419196	-0.077864
0.0059675	0.072337	0.0410275	-0.077882
0.00599625	0.072386	0.0387169	-0.077927
0.0060075	0.072404	0.0379294	-0.077944
0.00603625	0.072453	0.0358894	-0.077989
0.0060475	0.072471	0.0351888	-0.078006
0.00607625	0.072519	0.0333739	-0.078051
0.0060875	0.072537	0.0327855	-0.078068
0.00615625	0.072649	0.0290876	-0.078173
0.0061675	0.072667	0.0286034	-0.07819
0.0062075	0.072731	0.0268505	-0.078251
0.00623625	0.072776	0.02556	-0.078294
0.0062475	0.072794	0.0251533	-0.078311
0.0062875	0.072857	0.0236796	-0.078371
0.00631625	0.072902	0.0225941	-0.078414
0.0063275	0.07292	0.0222459	-0.078431
0.0063675	0.072981	0.020984	-0.07849
0.00639625	0.073025	0.0200551	-0.078532
0.0064475	0.073104	0.0186538	-0.078608
0.00647625	0.073148	0.0178444	-0.07865
0.0064875	0.073166	0.0175777	-0.078667
0.0065275	0.073226	0.0166106	-0.078725
0.00655625	0.07327	0.0158967	-0.078767
0.0065675	0.073287	0.0156593	-0.078783
0.0066075	0.073346	0.0147976	-0.07884
0.00663625	0.073388	0.0141607	-0.078881
0.0066475	0.073405	0.0139653	-0.078897
0.0067275	0.073523	0.0125156	-0.079011
0.0067675	0.073582	0.01175	-0.079068
0.00679625	0.073623	0.0111843	-0.079108
0.0068075	0.07364	0.0110237	-0.079124
0.0068475	0.073698	0.0104374	-0.07918
0.0068875	0.073755	0.00982494	-0.079235
0.0069275	0.073813	0.00918732	-0.079291
0.00695625	0.073854	0.00871667	-0.079331
0.0070075	0.073926	0.00809309	-0.079401
0.0070475	0.073982	0.00757918	-0.079455
0.0070875	0.074039	0.00704065	-0.07951
0.00711625	0.074079	0.00663963	-0.079549
0.0071275	0.074094	0.00653034	-0.079564
0.0071675	0.074149	0.00612713	-0.079617
0.0072075	0.074205	0.00569821	-0.079671
0.00727625	0.074299	0.0049061	-0.079762
0.0072875	0.074315	0.00481914	-0.079777
0.0073675	0.074425	0.00415454	-0.079883
0.00743625	0.074517	0.00350783	-0.079972
0.0074475	0.074533	0.00344807	-0.079987
0.0075275	0.074641	0.00298654	-0.080091
0.00759625	0.074733	0.00252755	-0.080179
0.0076075	0.074748	0.00249531	-0.080193
0.00767625	0.07484	0.00230476	-0.080281
0.0076875	0.074855	0.00230846	-0.080295
0.00771625	0.074893	0.00233762	-0.080331
0.00775625	0.074946	0.00256252	-0.080381
0.0077675	0.074961	0.00273823	-0.080395
0.00779625	0.075	0.00325022	-0.080431
0.00781625	0.075028	0.00399352	-0.080456
0.00783625	0.075057	0.00535156	-0.080481
0.00784625	0.075072	0.00646365	-0.080493
0.0078475	0.075074	0.00666255	-0.080495
0.00785625	0.075088	0.0080934	-0.080506
0.00786625	0.075104	0.0105237	-0.080518
0.00787125	0.075113	0.0121728	-0.080524
0.00787625	0.075123	0.014204	-0.080531
0.00788125	0.075132	0.0166935	-0.080537
0.00788625	0.075142	0.0197068	-0.080543
0.00789125	0.075153	0.0232732	-0.080549
0.00789625	0.075165	0.0273507	-0.080555
0.00789875	0.075172	0.0295412	-0.080558
0.00790125	0.075179	0.0317981	-0.080562
0.00790375	0.075186	0.0340891	-0.080565
0.00790625	0.075193	0.0363783	-0.080568
0.00790875	0.075201	0.0386296	-0.080571
0.00791375	0.075217	0.0428876	-0.080577
0.00791625	0.075225	0.0448423	-0.08058
0.00791875	0.075233	0.0466572	-0.080583
0.00792125	0.075242	0.0483232	-0.080586
0.00792375	0.075251	0.0498376	-0.080589
0.00792625	0.07526	0.0512028	-0.080592
0.0079275	0.075265	0.0517781	-0.080594
0.00793125	0.07528	0.053527	-0.080599
0.00793625	0.075299	0.0553586	-0.080605
0.00794125	0.075319	0.0567774	-0.080611
0.00794625	0.07534	0.0578642	-0.080617
0.00795625	0.075382	0.0593043	-0.08063
0.00796625	0.075424	0.0600809	-0.080642
0.00797625	0.075467	0.0604384	-0.080654
0.00798625	0.075511	0.0605199	-0.080667
0.00800625	0.075598	0.0601525	-0.080691
0.0080075	0.075604	0.0600908	-0.080693
0.00804625	0.075772	0.058034	-0.08074
0.00805625	0.075815	0.0570931	-0.080752
0.00806625	0.075857	0.055849	-0.080764
0.00807625	0.075899	0.0541327	-0.080776
0.00808625	0.07594	0.0516537	-0.080788
0.0080875	0.075945	0.0512407	-0.08079
0.00809125	0.075961	0.0499983	-0.080795
0.00809625	0.075981	0.0479634	-0.080801
0.00810125	0.075999	0.0454665	-0.080807
0.00810625	0.076018	0.0424433	-0.080813
0.00811125	0.076035	0.0388786	-0.080819
0.00811375	0.076043	0.0369115	-0.080822
0.00811625	0.076051	0.0348447	-0.080825
0.00811875	0.076059	0.0327078	-0.080828
0.00812375	0.076073	0.0283418	-0.080834
0.00812625	0.07608	0.0261843	-0.080837
0.00813125	0.076092	0.0221027	-0.080843
0.00813375	0.076098	0.0202236	-0.080846
0.00813625	0.076104	0.0184756	-0.080849
0.00813875	0.076109	0.0168667	-0.080852
0.00814125	0.076115	0.0153985	-0.080855
0.00814375	0.07612	0.0140686	-0.080858
0.00814875	0.076129	0.0117927	-0.080864
0.00815375	0.076138	0.00996642	-0.08087
0.00815875	0.076146	0.00850798	-0.080876
0.00816375	0.076155	0.00734229	-0.080882
0.0081675	0.076161	0.00671131	-0.080887
0.00817375	0.07617	0.00565032	-0.080894
0.00818375	0.076185	0.00453025	-0.080906
0.00819375	0.076199	0.00376613	-0.080918
0.00820375	0.076213	0.00323014	-0.08093
0.00822375	0.07624	0.002564	-0.080954
0.00824375	0.076266	0.00220063	-0.080978
0.0082475	0.07627	0.00216373	-0.080982
0.00826375	0.076291	0.00200345	-0.081001
0.00828375	0.076317	0.00190458	-0.081025
0.00832375	0.076368	0.00187707	-0.081073
0.0083275	0.076372	0.00189593	-0.081077
0.00840375	0.076469	0.00221221	-0.081168
0.0084075	0.076473	0.00226075	-0.081172
0.0084875	0.076572	0.00318666	-0.081265
0.00856375	0.076667	0.00385893	-0.081354
0.0085675	0.076671	0.00392559	-0.081358
0.00864375	0.076765	0.00516309	-0.081446
0.0086475	0.076769	0.00524842	-0.08145
0.00872375	0.076863	0.00684666	-0.081538
0.0087275	0.076867	0.00695387	-0.081542
0.00880375	0.07696	0.00897638	-0.081628
0.0088075	0.076964	0.00910942	-0.081632
0.00888375	0.077059	0.011634	-0.081719
0.0088875	0.077063	0.0117975	-0.081723
0.00896375	0.077156	0.0149157	-0.081808
0.0089675	0.07716	0.015115	-0.081812
0.00904375	0.077254	0.0189317	-0.081897
0.0090475	0.077258	0.0191726	-0.081901
0.00912375	0.077352	0.0238024	-0.081985
0.0091275	0.077357	0.0240907	-0.081989
0.00920375	0.07745	0.0296516	-0.082072
0.0092075	0.077454	0.0299697	-0.082076
0.00924375	0.077498	0.0329903	-0.082115
0.00928375	0.077548	0.0365934	-0.082159
0.0092875	0.077553	0.0369666	-0.082163
0.00932375	0.077598	0.0405134	-0.082202
0.00936375	0.077649	0.0447097	-0.082246
0.0093675	0.077654	0.0451396	-0.08225
0.00940375	0.077699	0.0492296	-0.082289
0.00944375	0.077748	0.0540164	-0.082331
0.0094475	0.077753	0.0545001	-0.082335
0.00948375	0.077799	0.0591063	-0.082374
0.00952375	0.07785	0.0644198	-0.082417
0.0095275	0.077855	0.0649471	-0.082421
0.00956375	0.0779	0.0699761	-0.082459
0.00960375	0.077951	0.0756674	-0.082501
0.0096075	0.077956	0.0762193	-0.082505
0.00964375	0.078002	0.0814911	-0.082543
0.0096875	0.078058	0.0879365	-0.082589
0.00972375	0.078105	0.0930971	-0.082627
0.00976375	0.078157	0.0986922	-0.082669
0.0097675	0.078162	0.0991981	-0.082673
0.00980375	0.078209	0.104056	-0.082711
0.00984375	0.078261	0.109016	-0.082752
0.0098475	0.078266	0.10944	-0.082756
0.00988375	0.078312	0.113537	-0.082793
0.00992375	0.078364	0.117455	-0.082834
0.0099275	0.078369	0.117732	-0.082838
0.01000375	0.078467	0.123325	-0.082916
0.0100075	0.078472	0.123457	-0.08292
0.01008375	0.07857	0.126231	-0.082998
0.01016375	0.078671	0.126153	-0.083079
0.01020375	0.078721	0.125098	-0.083119
0.01024375	0.07877	0.123407	-0.083159
0.0102475	0.078775	0.123191	-0.083163
0.01028375	0.078819	0.121211	-0.083199
0.01032375	0.078868	0.118536	-0.083239
0.0103275	0.078873	0.118242	-0.083243
0.01036375	0.078916	0.115512	-0.083279
0.01040375	0.078964	0.112168	-0.083319
0.0104075	0.078969	0.111825	-0.083323
0.01044375	0.079012	0.108623	-0.083359
0.01048375	0.079058	0.104901	-0.083398
0.0104875	0.079063	0.104534	-0.083402
0.01052375	0.079105	0.101099	-0.083438
0.0105675	0.079155	0.0967874	-0.083481
0.01060375	0.079196	0.0933864	-0.083516
0.01064375	0.079241	0.0895431	-0.083555
0.0106475	0.079246	0.0891805	-0.083559
0.01068375	0.079286	0.0857704	-0.083594
0.01072375	0.07933	0.0820623	-0.083633
0.0107275	0.079334	0.0817167	-0.083637
0.01076375	0.079374	0.0784612	-0.083672
0.01080375	0.079417	0.0749545	-0.08371
0.0108075	0.079421	0.0746302	-0.083714
0.01088375	0.079504	0.0683002	-0.083787
0.0108875	0.079508	0.0679999	-0.083791
0.01096375	0.079589	0.0621298	-0.083864
0.0109675	0.079593	0.0618534	-0.083868
0.01104375	0.079673	0.056442	-0.08394
0.0110475	0.079677	0.0561882	-0.083944
0.01112375	0.079756	0.051212	-0.084016
0.0111275	0.07976	0.0509796	-0.08402
0.01120375	0.079837	0.0464174	-0.084091
0.0112075	0.079841	0.0462045	-0.084095
0.01128375	0.079918	0.0420184	-0.084166
0.0112875	0.079922	0.041823	-0.08417
0.01136375	0.079999	0.0379788	-0.084241
0.0113675	0.080003	0.0377993	-0.084245
0.01144375	0.080079	0.034264	-0.084316
0.0114475	0.080083	0.0340988	-0.08432
0.01152375	0.080159	0.0308419	-0.084391
0.0115275	0.080162	0.0306896	-0.084394
0.01160375	0.080236	0.0276834	-0.084464
0.0116075	0.080239	0.0275444	-0.084467
0.0116875	0.080318	0.0246645	-0.084541
0.01176375	0.080391	0.0220576	-0.08461
0.0117675	0.080394	0.0219385	-0.084613
0.0118475	0.080471	0.0194651	-0.084686
0.01192375	0.080544	0.0172223	-0.084755
0.0120075	0.080623	0.014987	-0.08483
0.01208375	0.080695	0.0130472	-0.084899
0.0120875	0.080698	0.0129595	-0.084902
0.0121675	0.080773	0.0111317	-0.084973
0.01224375	0.080845	0.00946229	-0.085042
0.0122475	0.080848	0.00939199	-0.085045
0.0123275	0.080921	0.00792396	-0.085115
0.0124075	0.080996	0.00651245	-0.085186
0.01256375	0.081139	0.00391322	-0.085323
0.0125675	0.081142	0.00388899	-0.085326
0.0126475	0.081216	0.00338227	-0.085396
0.0127275	0.081288	0.0028921	-0.085465
0.0128075	0.08136	0.00241793	-0.085534
0.0128875	0.081433	0.00195924	-0.085603
0.0129675	0.081504	0.0015155	-0.085671
0.0131275	0.081648	0.000670834	-0.085808
0.01320375	0.081715	0.000287436	-0.085872
0.0132875	0.08179	0.00100736	-0.085943
0.01336375	0.081857	0.00164177	-0.086007
0.0134475	0.081932	0.00309717	-0.086078
0.01352375	0.081999	0.0043828	-0.086141
0.0136075	0.082073	0.00678487	-0.086211
0.01368375	0.08214	0.00891032	-0.086274
0.0137675	0.082215	0.0125393	-0.086344
0.01384375	0.082282	0.0157548	-0.086407
0.0139275	0.082356	0.0209758	-0.086476
0.01400375	0.082423	0.0256073	-0.086538
0.0140875	0.082497	0.0328861	-0.086607
0.01416375	0.082564	0.0393498	-0.086669
0.01424375	0.082635	0.0480074	-0.086734
0.0142475	0.082638	0.0484837	-0.086737
0.01432375	0.082705	0.0580603	-0.086798
0.01440375	0.082777	0.0696587	-0.086863
0.0144075	0.08278	0.0702895	-0.086866
0.01448375	0.082848	0.0829758	-0.086927
0.01456375	0.08292	0.098155	-0.086992
0.0145675	0.082923	0.0989692	-0.086995
0.01464375	0.082991	0.115352	-0.087056
0.01472375	0.083062	0.134657	-0.087119
0.0147275	0.083065	0.135674	-0.087122
0.01480375	0.083135	0.156149	-0.087183
0.01488375	0.083207	0.179789	-0.087246
0.0148875	0.08321	0.181004	-0.087249
0.01496375	0.08328	0.205488	-0.08731
0.01504375	0.083354	0.23298	-0.087373
0.0150475	0.083357	0.234348	-0.087376
0.01512375	0.083427	0.261915	-0.087436
0.01520375	0.0835	0.291725	-0.087498
0.0152075	0.083504	0.293145	-0.087501
0.01528375	0.083574	0.32177	-0.087561
0.0153675	0.083651	0.352106	-0.087626
0.01544375	0.083721	0.379235	-0.087685
0.0155275	0.083798	0.401201	-0.08775
0.0156875	0.083946	0.442146	-0.087874
0.01576375	0.084016	0.461197	-0.087933
0.01584375	0.084088	0.471604	-0.087994
0.01592375	0.08416	0.477756	-0.088055
0.01600375	0.084232	0.479842	-0.088116
0.01608375	0.084303	0.478324	-0.088177
0.01616375	0.084373	0.473645	-0.088238
0.01624375	0.084443	0.466406	-0.088299
0.01632375	0.084512	0.457098	-0.088359
0.0163275	0.084515	0.456583	-0.088362
0.01640375	0.084581	0.446279	-0.08842
0.01648375	0.084648	0.434355	-0.08848
0.0164875	0.084651	0.433757	-0.088483
0.01656375	0.084715	0.421762	-0.08854
0.01664375	0.084782	0.408773	-0.0886
0.0166475	0.084785	0.408151	-0.088603
0.01672375	0.084848	0.395686	-0.08866
0.01680375	0.084913	0.382661	-0.088719
0.0168075	0.084916	0.382055	-0.088722
0.01688375	0.084979	0.369886	-0.088779
0.0169675	0.085046	0.356937	-0.088841
0.01704375	0.085107	0.345406	-0.088897
0.01712375	0.08517	0.333827	-0.088956
0.0171275	0.085173	0.333301	-0.088959
0.01720375	0.085234	0.322751	-0.089015
0.01728375	0.085297	0.312163	-0.089074
0.0172875	0.0853	0.311685	-0.089077
0.01736375	0.08536	0.302091	-0.089133
0.01744375	0.085421	0.292501	-0.089191
0.0174475	0.085424	0.292077	-0.089194
0.01760375	0.085545	0.274762	-0.089308
0.0176075	0.085548	0.27438	-0.089311
0.01776375	0.085667	0.258796	-0.089424
0.0177675	0.08567	0.258453	-0.089427
0.01792375	0.085788	0.244434	-0.089539
0.0179275	0.085791	0.244125	-0.089542
0.01808375	0.085909	0.231499	-0.089655
0.0180875	0.085912	0.23122	-0.089658
0.01824375	0.086029	0.219826	-0.08977
0.0182475	0.086032	0.219574	-0.089773
0.01840375	0.086147	0.209262	-0.089884
0.0184075	0.08615	0.209033	-0.089887
0.01856375	0.086264	0.199676	-0.089997
0.0185675	0.086267	0.199473	-0.09
0.0187275	0.086385	0.190981	-0.090114
0.01888375	0.086499	0.182971	-0.090224
0.0190475	0.086618	0.175671	-0.090339
0.01920375	0.08673	0.168941	-0.090448
0.0193675	0.086848	0.16273	-0.090563
0.01952375	0.086959	0.157001	-0.090671
0.0196875	0.087075	0.151651	-0.090784
0.01984375	0.087185	0.146712	-0.090892
0.0200075	0.0873	0.142052	-0.091004
0.02016375	0.08741	0.137745	-0.091111
0.0203275	0.087525	0.133643	-0.091223
0.02048375	0.087632	0.129848	-0.091328
0.0206475	0.087745	0.126201	-0.091439
0.02080375	0.087852	0.122825	-0.091544
0.0209675	0.087964	0.11962	-0.091654
0.0211275	0.088074	0.116581	-0.091761
0.0212875	0.088183	0.11363	-0.091868
0.02144375	0.088289	0.110832	-0.091972
0.0216075	0.088399	0.108183	-0.09208
0.0217675	0.088506	0.105668	-0.092185
0.0219275	0.088613	0.103223	-0.09229
0.02208375	0.088718	0.100901	-0.092393
0.0222475	0.088826	0.0986604	-0.092499
0.0224075	0.088932	0.0965293	-0.092603
0.0225675	0.089037	0.0944548	-0.092707
0.02272375	0.08914	0.0924827	-0.092808
0.0228875	0.089247	0.0905514	-0.092913
0.0230475	0.089352	0.0887124	-0.093016
0.0232075	0.089455	0.0869199	-0.093118
0.02336375	0.089556	0.0852137	-0.093217
0.0235275	0.089662	0.0835254	-0.093321
0.0236875	0.089764	0.0819159	-0.093422
0.0238475	0.089867	0.0803452	-0.093523
0.02400375	0.089966	0.0788481	-0.093621
0.0241675	0.09007	0.0773567	-0.093723
0.0243275	0.090172	0.0759331	-0.093823
0.0244875	0.090273	0.0745422	-0.093923
0.02464375	0.090371	0.0732149	-0.094019
0.0249675	0.090574	0.070616	-0.094219
0.0251275	0.090673	0.0693737	-0.094317
0.02528375	0.090769	0.0681871	-0.094412
0.0254475	0.09087	0.0670089	-0.094512
0.0256075	0.090969	0.0658813	-0.094609
0.0257675	0.091067	0.0647764	-0.094706
0.0260875	0.091262	0.0626338	-0.094898
0.0262475	0.091359	0.0615953	-0.094994
0.0264075	0.091457	0.0605781	-0.09509
0.02656375	0.091551	0.0596051	-0.095183
0.0267275	0.091649	0.0586474	-0.09528
0.0268875	0.091746	0.057729	-0.095375
0.0272075	0.091937	0.0559432	-0.095563
0.0273675	0.092032	0.0550752	-0.095657
0.0275275	0.092126	0.0542234	-0.09575
0.0276875	0.092221	0.0533877	-0.095843
0.02784375	0.092313	0.0525868	-0.095934
0.0280075	0.092408	0.0518007	-0.096028
0.0283275	0.092595	0.0503042	-0.096212
0.0284875	0.092688	0.049575	-0.096304
0.0286475	0.09278	0.0488583	-0.096395
0.0288075	0.092873	0.048154	-0.096486
0.0289675	0.092965	0.0474617	-0.096577
0.02912375	0.093055	0.0467974	-0.096666
0.0294475	0.09324	0.0455246	-0.096848
0.0296075	0.09333	0.0449105	-0.096937
0.0297675	0.093421	0.0443061	-0.097027
0.0299275	0.093511	0.0437113	-0.097116
0.0300875	0.093602	0.0431258	-0.097205
0.0302475	0.093691	0.0425497	-0.097293
0.03040375	0.093778	0.0419963	-0.097379
0.0305675	0.093869	0.0414572	-0.097469
0.0307275	0.093959	0.0409385	-0.097557
0.0308875	0.094047	0.0404274	-0.097644
0.0310475	0.094136	0.0399237	-0.097732
0.0312075	0.094224	0.0394273	-0.097819
0.0313675	0.094312	0.0389382	-0.097905
0.03168375	0.094485	0.0379923	-0.098076
0.0318475	0.094574	0.0375407	-0.098164
0.0320075	0.094661	0.0371054	-0.098249
0.0321675	0.094747	0.0366758	-0.098334
0.0323275	0.094834	0.0362521	-0.098419
0.0324875	0.09492	0.0358339	-0.098504
0.0328075	0.095092	0.0350141	-0.098673
0.03296375	0.095175	0.0346217	-0.098755
0.0331275	0.095263	0.0342313	-0.098841
0.0332875	0.095348	0.0338546	-0.098925
0.0334475	0.095433	0.0334826	-0.099008
0.03360375	0.095515	0.0331236	-0.099089
0.0339275	0.095685	0.0324062	-0.099256
0.03424375	0.095851	0.0317214	-0.099419
0.0345675	0.09602	0.0310408	-0.099584
0.03488375	0.096184	0.0303903	-0.099745
0.0352075	0.096351	0.0297314	-0.099908
0.03552375	0.096513	0.0291007	-0.100067
0.0358475	0.096679	0.0284459	-0.100229
0.03616375	0.096839	0.0278182	-0.100385
0.0364875	0.097004	0.0271461	-0.100545
0.03680375	0.097163	0.0265011	-0.1007
0.0371275	0.097326	0.0257818	-0.100858
0.03744375	0.097484	0.0250909	-0.101012
0.03776375	0.097644	0.0243326	-0.101166
0.03808375	0.097802	0.0235278	-0.101319
0.03840375	0.097961	0.022668	-0.101472
0.03872375	0.098119	0.0217449	-0.101624
0.03904375	0.098277	0.0207515	-0.101775
0.03936375	0.098434	0.0196823	-0.101925
0.03968375	0.09859	0.0185345	-0.102074
0.04000375	0.098747	0.0173089	-0.102223
0.04032375	0.098902	0.0160112	-0.10237
0.0403275	0.098904	0.0159947	-0.102372
0.0406475	0.099059	0.0146001	-0.102519
0.04096375	0.099211	0.0132483	-0.102663
0.0409675	0.099213	0.0132312	-0.102665
0.0412875	0.099367	0.0117912	-0.10281
0.04160375	0.099519	0.010397	-0.102953
0.0416075	0.099521	0.0103807	-0.102955
0.0419275	0.099674	0.00900186	-0.103099
0.04224375	0.099823	0.0076689	-0.10324
0.0422475	0.099825	0.00765453	-0.103242
0.0425675	0.099976	0.00644276	-0.103384
0.04288375	0.100124	0.00527319	-0.103524
0.0428875	0.100126	0.00526163	-0.103526
0.0432075	0.100274	0.00428788	-0.103666
0.04352375	0.10042	0.00334989	-0.103804
0.0435275	0.100422	0.00334076	-0.103806
0.04384375	0.100567	0.00258144	-0.103943
0.0438475	0.100569	0.00257379	-0.103945
0.04416375	0.100713	0.00193836	-0.104082
0.0441675	0.100715	0.0019321	-0.104084
0.04448375	0.100858	0.00141244	-0.10422
0.0444875	0.10086	0.00140744	-0.104222
0.04480375	0.101001	0.00099265	-0.104357
0.0448075	0.101003	0.000988758	-0.104359
0.04512375	0.101144	0.000666516	-0.104494
0.0451275	0.101146	0.000663581	-0.104496
0.04544375	0.101285	0.000421046	-0.104629
0.0454475	0.101287	0.000418919	-0.104631
0.04576375	0.101425	0.000243675	-0.104764
0.0457675	0.101427	0.000242218	-0.104766
0.04608375	0.101565	0.000122718	-0.104899
0.0460875	0.101567	0.000121807	-0.104901
0.04640375	0.101704	4.76978e-05	-0.105033
0.0464075	0.101706	4.73745e-05	-0.105035
0.0467275	0.101843	2.17783e-05	-0.105168
0.04704375	0.101977	1.89331e-07	-0.105298
0.0470475	0.101979	3.27591e-07	-0.1053
0.04736375	0.102113	1.33047e-05	-0.10543
0.0473675	0.102115	1.36453e-05	-0.105432
0.04768375	0.102247	4.33679e-05	-0.105561
0.0476875	0.102249	4.38581e-05	-0.105563
0.04800375	0.10238	8.59312e-05	-0.105691
0.0480075	0.102382	8.65282e-05	-0.105693
0.04832375	0.102513	0.000137399	-0.105821
0.0483275	0.102515	0.000138069	-0.105823
0.04864375	0.102645	0.000194896	-0.10595
0.0486475	0.102647	0.000195622	-0.105952
0.0489675	0.102779	0.000257721	-0.106081
0.04928375	0.102908	0.000319358	-0.106207
0.0492875	0.10291	0.000320104	-0.106209
0.0496075	0.103039	0.000383705	-0.106336
0.04992375	0.103167	0.000446484	-0.106462
0.0499275	0.103168	0.000447203	-0.106463
0.0502475	0.103296	0.000508474	-0.106589
0.05056375	0.103422	0.000568745	-0.106713
0.0505675	0.103423	0.000569414	-0.106714
0.0508875	0.10355	0.000626259	-0.106839
0.05120375	0.103675	0.000682041	-0.106963
0.0515275	0.103801	0.000734056	-0.107087
0.05184375	0.103925	0.000784411	-0.107209
0.0521675	0.10405	0.000830596	-0.107333
0.05248375	0.104172	0.000875236	-0.107454
0.0528075	0.104297	0.000915653	-0.107577
0.05312375	0.104417	0.000954665	-0.107696
0.0534475	0.10454	0.000987504	-0.107818
0.0537675	0.104661	0.00101953	-0.107938
0.0540875	0.104781	0.00105111	-0.108057
0.05440375	0.104899	0.00108188	-0.108174
0.0547275	0.10502	0.00110542	-0.108294
0.0550475	0.105138	0.00112831	-0.108411
0.0553675	0.105256	0.00115083	-0.108528
0.05568375	0.105373	0.00117271	-0.108644
0.0560075	0.105491	0.00118875	-0.108761
0.0563275	0.105607	0.0012043	-0.108877
0.0566475	0.105723	0.00121954	-0.108992
0.05696375	0.105836	0.00123431	-0.109105
0.0572875	0.105952	0.00124446	-0.10922
0.0576075	0.106067	0.00125425	-0.109334
0.0579275	0.10618	0.0012638	-0.109447
0.05824375	0.106293	0.00127302	-0.109559
0.0585675	0.106407	0.00127862	-0.109672
0.0588875	0.106518	0.00128397	-0.109783
0.0592075	0.10663	0.00128914	-0.109894
0.05952375	0.10674	0.00129406	-0.110004
0.0598475	0.106851	0.0012962	-0.110115
0.0601675	0.106962	0.00129816	-0.110225
0.0604875	0.107071	0.00129998	-0.110334
0.06080375	0.107179	0.00130165	-0.110442
0.0611275	0.107289	0.00130114	-0.110551
0.0614475	0.107397	0.00130054	-0.110659
0.0617675	0.107506	0.00129984	-0.110767
0.0624075	0.107719	0.00129594	-0.11098
0.0627275	0.107827	0.00129282	-0.111087
0.0630475	0.107932	0.00128963	-0.111192
0.0633675	0.108038	0.00128638	-0.111298
0.0636875	0.108143	0.00128308	-0.111403
0.0640075	0.108248	0.00127971	-0.111507
0.0643275	0.108352	0.00127629	-0.111611
0.06464375	0.108455	0.00127283	-0.111714
0.0649675	0.108559	0.00126746	-0.111818
0.0652875	0.108662	0.00126212	-0.111921
0.0656075	0.108764	0.00125676	-0.112023
0.0659275	0.108867	0.00125137	-0.112125
0.0662475	0.108969	0.00124596	-0.112227
0.0665675	0.10907	0.00124054	-0.112328
0.0668875	0.10917	0.00123508	-0.112428
0.06720375	0.10927	0.00122967	-0.112528
0.0675275	0.109371	0.00122313	-0.112629
0.0678475	0.10947	0.00121667	-0.112728
0.0681675	0.10957	0.00121021	-0.112828
0.0684875	0.109669	0.00120375	-0.112926
0.0688075	0.109768	0.0011973	-0.113025
0.0691275	0.109866	0.00119084	-0.113123
0.0694475	0.109964	0.00118438	-0.113221
0.06976375	0.11006	0.00117801	-0.113317
0.0700875	0.110158	0.00117097	-0.113415
0.0704075	0.110255	0.00116404	-0.113512
0.0707275	0.110351	0.00115713	-0.113608
0.0710475	0.110448	0.00115023	-0.113704
0.0713675	0.110543	0.00114334	-0.113799
0.0716875	0.110639	0.00113648	-0.113895
0.0720075	0.110734	0.00112962	-0.11399
0.07232375	0.110827	0.00112287	-0.114083
0.0726475	0.110922	0.0011157	-0.114178
0.0729675	0.111016	0.00110865	-0.114272
0.0732875	0.111109	0.00110162	-0.114365
0.0736075	0.111203	0.00109461	-0.114459
0.0739275	0.111295	0.00108764	-0.114551
0.0742475	0.111388	0.00108069	-0.114644
0.0748875	0.111572	0.00106687	-0.114828
0.0752075	0.111663	0.00106	-0.114919
0.0755275	0.111754	0.00105316	-0.11501
0.0758475	0.111845	0.00104635	-0.115101
0.0761675	0.111936	0.00103957	-0.115192
0.0764875	0.112026	0.00103281	-0.115282
0.0771275	0.112205	0.00101938	-0.115461
0.07744375	0.112294	0.00101279	-0.11555
0.0777675	0.112384	0.00100611	-0.11564
0.0780875	0.112472	0.000999527	-0.115728
0.0784075	0.112561	0.000992977	-0.115817
0.0787275	0.112648	0.000986469	-0.115904
0.0793675	0.112824	0.000973537	-0.11608
0.0796875	0.112911	0.000967119	-0.116167
0.0800075	0.112997	0.000960735	-0.116254
0.0803275	0.113083	0.000954384	-0.11634
0.0806475	0.113169	0.000948065	-0.116426
0.0809675	0.113255	0.000941779	-0.116512
0.0816075	0.113426	0.000929304	-0.116683
0.0819275	0.113511	0.000923116	-0.116768
0.0822475	0.113596	0.000916962	-0.116853
0.08256375	0.11368	0.000910912	-0.116937
0.0828875	0.113765	0.000904941	-0.117022
0.0832075	0.113849	0.000899071	-0.117106
0.0838475	0.114016	0.000887429	-0.117273
0.0841675	0.114099	0.000881655	-0.117356
0.0844875	0.114182	0.000875913	-0.117439
0.0848075	0.114265	0.000870203	-0.117522
0.0851275	0.114347	0.000864527	-0.117604
0.0854475	0.114429	0.000858881	-0.117686
0.0860875	0.114592	0.000847687	-0.117849
0.0864075	0.114674	0.000842138	-0.117931
0.0867275	0.114755	0.000836622	-0.118012
0.0870475	0.114836	0.000831138	-0.118093
0.0873675	0.114916	0.000825686	-0.118173
0.08768375	0.114995	0.000820329	-0.118252
0.0883275	0.115156	0.000809945	-0.118413
0.0889675	0.115315	0.000799741	-0.118572
0.0896075	0.115473	0.000789654	-0.11873
0.0902475	0.115629	0.000779686	-0.118887
0.0908875	0.115784	0.000769837	-0.119042
0.0915275	0.115939	0.000760106	-0.119197
0.0921675	0.116093	0.000750494	-0.119351
0.09280375	0.116245	0.000741054	-0.119503
0.0934475	0.116398	0.000732186	-0.119656
0.0940875	0.11655	0.000723469	-0.119808
0.0947275	0.116699	0.000714851	-0.119958
0.0953675	0.116849	0.000706334	-0.120108
0.0960075	0.116997	0.000697916	-0.120256
0.0966475	0.117145	0.000689599	-0.120404
0.0972875	0.117292	0.000681382	-0.120551
0.0979275	0.117437	0.000673265	-0.120697
0.0985675	0.117582	0.000665249	-0.120842
0.0992075	0.117726	0.000657332	-0.120986
0.0998475	0.11787	0.000649515	-0.12113
0.1004875	0.118012	0.000641797	-0.121272
0.1011275	0.118154	0.000634179	-0.121414
0.1017675	0.118294	0.000626659	-0.121555
0.1024075	0.118435	0.000619237	-0.121696
0.10304375	0.118573	0.000611957	-0.121834
0.1036875	0.118713	0.000605409	-0.121974
0.1043275	0.118851	0.000598969	-0.122112
0.1049675	0.118987	0.000592599	-0.122249
0.1056075	0.119124	0.000586296	-0.122386
0.1062475	0.11926	0.000580064	-0.122522
0.1068875	0.119395	0.000573901	-0.122657
0.1075275	0.119529	0.000567807	-0.122791
0.1081675	0.119662	0.000561782	-0.122925
0.1088075	0.119795	0.000555827	-0.123058
0.1094475	0.119927	0.000549941	-0.12319
0.1100875	0.120058	0.000544124	-0.123321
0.1107275	0.120189	0.000538377	-0.123452
0.1113675	0.120319	0.000532699	-0.123582
0.1120075	0.120448	0.000527089	-0.123712
0.1126475	0.120577	0.000521548	-0.123841
0.1132875	0.120705	0.000516076	-0.123969
0.1139275	0.120833	0.000510671	-0.124097
0.1145675	0.12096	0.000505335	-0.124224
0.1152075	0.121085	0.000500067	-0.12435
0.1158475	0.12121	0.000494866	-0.124475
0.1164875	0.121335	0.000489732	-0.1246
0.1171275	0.12146	0.000484664	-0.124725
0.1177675	0.121584	0.000479664	-0.124849
0.1184075	0.121706	0.000474729	-0.124972
0.1190475	0.121828	0.000469861	-0.125094
0.1196875	0.12195	0.000465056	-0.125216
0.1203275	0.122072	0.000460318	-0.125338
0.1209675	0.122192	0.000455643	-0.125458
0.1216075	0.122313	0.000451034	-0.125579
0.1222475	0.122431	0.000446487	-0.125698
0.1228875	0.12255	0.000442003	-0.125817
0.12352375	0.122668	0.000437608	-0.125935
0.1241675	0.122787	0.000433724	-0.126054
0.1248075	0.122904	0.000429899	-0.126171
0.1254475	0.12302	0.000426109	-0.126288
0.1260875	0.123136	0.000422354	-0.126404
0.1267275	0.123252	0.000418634	-0.12652
0.1273675	0.123367	0.00041495	-0.126635
0.1280075	0.123482	0.000411302	-0.12675
0.1286475	0.123595	0.00040769	-0.126864
0.1292875	0.123709	0.000404112	-0.126978
0.1299275	0.123822	0.000400571	-0.127091
0.1305675	0.123935	0.000397065	-0.127204
0.1312075	0.124047	0.000393594	-0.127316
0.1318475	0.124158	0.00039016	-0.127427
0.1324875	0.124269	0.000386761	-0.127539
0.1331275	0.124379	0.000383397	-0.127649
0.1337675	0.124489	0.000380068	-0.127759
0.1344075	0.124599	0.000376775	-0.127869
0.1350475	0.124708	0.000373517	-0.127978
0.1356875	0.124816	0.000370294	-0.128087
0.1363275	0.124924	0.000367107	-0.128195
0.1369675	0.125032	0.000363954	-0.128303
0.1376075	0.125139	0.000360835	-0.12841
0.1382475	0.125246	0.000357752	-0.128517
0.1388875	0.125352	0.000354703	-0.128624
0.1395275	0.125457	0.000351689	-0.128729
0.1401675	0.125563	0.000348709	-0.128835
0.1408075	0.125668	0.000345763	-0.12894
0.1414475	0.125773	0.000342851	-0.129045
0.1420875	0.125877	0.000339973	-0.129149
0.1427275	0.12598	0.000337128	-0.129253
0.1433675	0.126083	0.000334317	-0.129356
0.1440075	0.126186	0.000331539	-0.129459
0.1446475	0.126288	0.000328794	-0.129561
0.1452875	0.12639	0.000326082	-0.129663
0.1459275	0.126491	0.000323403	-0.129765
0.1465675	0.126592	0.000320755	-0.129866
0.1472075	0.126693	0.000318141	-0.129967
0.1478475	0.126793	0.000315558	-0.130067
0.1484875	0.126893	0.000313008	-0.130167
0.1491275	0.126992	0.000310488	-0.130267
0.1497675	0.127091	0.000308001	-0.130366
0.1504075	0.12719	0.000305544	-0.130465
0.1510475	0.127288	0.000303119	-0.130563
0.1516875	0.127386	0.000300724	-0.130661
0.1523275	0.127484	0.00029836	-0.130759
0.1529675	0.12758	0.000296025	-0.130856
0.1536075	0.127677	0.000293722	-0.130953
0.1542475	0.127773	0.000291447	-0.131049
0.1548875	0.127869	0.000289203	-0.131145
0.1555275	0.127965	0.000286987	-0.131241
0.1561675	0.128059	0.0002848	-0.131336
0.1568075	0.128154	0.000282642	-0.131431
0.1574475	0.128249	0.000280513	-0.131526
0.1580875	0.128343	0.000278413	-0.13162
0.1587275	0.128437	0.00027634	-0.131714
0.1593675	0.12853	0.000274295	-0.131808
0.1600075	0.128623	0.000272277	-0.131901
0.1606475	0.128716	0.000270287	-0.131994
0.1612875	0.128808	0.000268324	-0.132086
0.1619275	0.1289	0.000266388	-0.132178
0.1625675	0.128992	0.000264478	-0.13227
0.1632075	0.129083	0.000262594	-0.132362
0.1638475	0.129174	0.000260736	-0.132453
0.16448375	0.129264	0.000258916	-0.132543
0.1651275	0.129355	0.000257096	-0.132634
0.1664075	0.129535	0.000253534	-0.132814
0.1670475	0.129623	0.00025178	-0.132903
0.1676875	0.129713	0.000250043	-0.132993
0.1683275	0.129801	0.000248324	-0.133081
0.1689675	0.12989	0.000246623	-0.13317
0.1696075	0.129978	0.000244938	-0.133258
0.1708875	0.130153	0.000241622	-0.133434
0.1715275	0.13024	0.000239991	-0.133521
0.1721675	0.130327	0.000238376	-0.133608
0.1728075	0.130413	0.000236778	-0.133694
0.1734475	0.1305	0.000235197	-0.133781
0.1740875	0.130586	0.000233633	-0.133867
0.1753675	0.130756	0.000230555	-0.134038
0.1760075	0.130841	0.000229041	-0.134123
0.1766475	0.130926	0.000227544	-0.134208
0.1772875	0.131011	0.000226062	-0.134293
0.1779275	0.131095	0.000224597	-0.134377
0.1785675	0.131179	0.000223148	-0.134461
0.1798475	0.131345	0.000220298	-0.134628
0.1804875	0.131428	0.000218897	-0.134711
0.1811275	0.131511	0.000217512	-0.134794
0.1817675	0.131593	0.000216142	-0.134876
0.1824075	0.131676	0.000214788	-0.134959
0.1830475	0.131757	0.000213449	-0.135041
0.1843275	0.13192	0.000210817	-0.135204
0.18496375	0.132001	0.000209531	-0.135285
0.1856075	0.132082	0.000208222	-0.135366
0.1862475	0.132163	0.000206932	-0.135447
0.1868875	0.132243	0.000205655	-0.135527
0.1875275	0.132322	0.00020439	-0.135607
0.1888075	0.132482	0.000201897	-0.135767
0.1894475	0.132561	0.000200669	-0.135846
0.1900875	0.13264	0.000199453	-0.135925
0.1907275	0.132719	0.000198248	-0.136004
0.1913675	0.132797	0.000197055	-0.136082
0.1920075	0.132876	0.000195874	-0.136161
0.1932875	0.133031	0.000193548	-0.136317
0.1945675	0.133186	0.000191268	-0.136472
0.1958475	0.13334	0.000189033	-0.136626
0.1971275	0.133493	0.000186844	-0.136779
0.1984075	0.133644	0.0001847	-0.136931
0.1996875	0.133795	0.000182599	-0.137082
0.2009675	0.133945	0.000180544	-0.137232
0.2022475	0.134094	0.00017853	-0.137381
0.2035275	0.134241	0.000176559	-0.137529
0.2048075	0.134389	0.00017463	-0.137677
0.20544375	0.134462	0.000173686	-0.13775
0.2060875	0.134535	0.00017271	-0.137823
0.2073675	0.134681	0.000170796	-0.137969
0.2086475	0.134825	0.000168917	-0.138114
0.2099275	0.134969	0.000167072	-0.138258
0.2112075	0.135112	0.000165262	-0.138401
0.2124875	0.135253	0.000163484	-0.138543
0.2137675	0.135394	0.000161741	-0.138684
0.2150475	0.135535	0.00016003	-0.138825
0.2163275	0.135674	0.000158352	-0.138965
0.2176075	0.135813	0.000156705	-0.139104
0.2188875	0.135951	0.000155091	-0.139242
0.2201675	0.136087	0.000153508	-0.139379
0.2214475	0.136224	0.000151956	-0.139516
0.2227275	0.13636	0.000150433	-0.139652
0.2240075	0.136494	0.000148941	-0.139787
0.2252875	0.136628	0.00014748	-0.139921
0.22592375	0.136695	0.000146764	-0.139988
0.2265675	0.136762	0.000146015	-0.140055
0.2278475	0.136895	0.000144547	-0.140188
0.2291275	0.137026	0.000143105	-0.14032
0.2304075	0.137157	0.000141687	-0.140451
0.2316875	0.137288	0.000140293	-0.140582
0.2329675	0.137418	0.000138925	-0.140712
0.2342475	0.137546	0.000137581	-0.140841
0.2355275	0.137675	0.000136261	-0.14097
0.2368075	0.137803	0.000134965	-0.141098
0.2380875	0.13793	0.000133692	-0.141225
0.2393675	0.138056	0.000132442	-0.141352
0.2406475	0.138182	0.000131215	-0.141478
0.2419275	0.138307	0.000130011	-0.141603
0.2432075	0.138432	0.000128829	-0.141728
0.2444875	0.138555	0.000127669	-0.141852
0.2457675	0.138678	0.000126531	-0.141975
0.24640375	0.138739	0.000125973	-0.142036
0.2470475	0.138801	0.000125385	-0.142098
0.2483275	0.138923	0.000124232	-0.14222
0.2496075	0.139044	0.000123098	-0.142341
0.2508875	0.139164	0.000121982	-0.142462
0.2521675	0.139284	0.000120885	-0.142582
0.2534475	0.139404	0.000119807	-0.142702
0.2547275	0.139523	0.000118747	-0.142821
0.2560075	0.139641	0.000117705	-0.142939
0.2572875	0.139758	0.00011668	-0.143057
0.2585675	0.139876	0.000115673	-0.143175
0.2598475	0.139992	0.000114683	-0.143291
0.2611275	0.140108	0.000113711	-0.143407
0.2624075	0.140224	0.000112755	-0.143523
0.2636875	0.140338	0.000111816	-0.143638
0.2649675	0.140453	0.000110894	-0.143753
0.2662475	0.140567	0.000109987	-0.143867
0.26688375	0.140623	0.000109543	-0.143923
0.2675275	0.14068	0.000109064	-0.14398
0.2688075	0.140793	0.000108123	-0.144093
0.2700875	0.140904	0.000107196	-0.144205
0.2713675	0.141016	0.000106282	-0.144317
0.2726475	0.141127	0.000105382	-0.144428
0.2739275	0.141238	0.000104495	-0.144539
0.2752075	0.141348	0.000103622	-0.144649
0.2764875	0.141457	0.000102763	-0.144759
0.2777675	0.141566	0.000101916	-0.144868
0.2790475	0.141675	0.000101082	-0.144977
0.2803275	0.141783	0.000100262	-0.145085
0.2816075	0.14189	9.94536e-05	-0.145193
0.2828875	0.141997	9.86584e-05	-0.1453
0.2841675	0.142104	9.78756e-05	-0.145407
0.2854475	0.14221	9.71049e-05	-0.145513
0.2867275	0.142316	9.63465e-05	-0.145619
0.2880075	0.14242	9.56001e-05	-0.145724
0.2892875	0.142525	9.48656e-05	-0.145829
0.2905675	0.14263	9.41428e-05	-0.145934
0.2918475	0.142734	9.34317e-05	-0.146038
0.2931275	0.142837	9.2732e-05	-0.146141
0.2944075	0.142939	9.20436e-05	-0.146244
0.2956875	0.143042	9.13665e-05	-0.146347
0.2969675	0.143144	9.07003e-05	-0.146449
0.2982475	0.143246	9.0045e-05	-0.146551
0.2995275	0.143346	8.94006e-05	-0.146652
0.3008075	0.143447	8.87667e-05	-0.146753
0.3020875	0.143547	8.81433e-05	-0.146853
0.3033675	0.143647	8.75303e-05	-0.146953
0.3046475	0.143747	8.69276e-05	-0.147053
0.3059275	0.143845	8.63347e-05	-0.147152
0.3072075	0.143944	8.57519e-05	-0.147251
0.30784375	0.143993	8.5466e-05	-0.1473
0.3084875	0.144042	8.51427e-05	-0.147349
0.3097675	0.14414	8.45066e-05	-0.147447
0.3110475	0.144237	8.38793e-05	-0.147544
0.3123275	0.144334	8.32606e-05	-0.147642
0.3136075	0.14443	8.26505e-05	-0.147738
0.3148875	0.144527	8.20488e-05	-0.147835
0.3161675	0.144622	8.14554e-05	-0.14793
0.3174475	0.144718	8.08703e-05	-0.148026
0.3187275	0.144812	8.02934e-05	-0.148121
0.3200075	0.144907	7.97246e-05	-0.148216
0.3212875	0.145001	7.91638e-05	-0.14831
0.3225675	0.145095	7.86109e-05	-0.148404
0.3238475	0.145189	7.80659e-05	-0.148498
0.3251275	0.145281	7.75287e-05	-0.148591
0.3264075	0.145374	7.69991e-05	-0.148684
0.3276875	0.145467	7.64773e-05	-0.148777
0.3289675	0.145559	7.59628e-05	-0.148869
0.3302475	0.145651	7.54559e-05	-0.148961
0.3315275	0.145742	7.49562e-05	-0.149052
0.3328075	0.145832	7.44638e-05	-0.149143
0.3340875	0.145923	7.39787e-05	-0.149234
0.3353675	0.146013	7.35006e-05	-0.149324
0.3366475	0.146103	7.30296e-05	-0.149414
0.3379275	0.146193	7.25655e-05	-0.149504
0.3392075	0.146281	7.21081e-05	-0.149593
0.3404875	0.14637	7.16576e-05	-0.149682
0.3417675	0.146459	7.12138e-05	-0.149771
0.3430475	0.146547	7.07766e-05	-0.149859
0.3456075	0.146722	6.99217e-05	-0.150035
0.3468875	0.146809	6.95039e-05	-0.150122
0.3481675	0.146896	6.90922e-05	-0.150209
0.34880375	0.146939	6.88901e-05	-0.150252
0.3494475	0.146983	6.86608e-05	-0.150296
0.3507275	0.147069	6.82094e-05	-0.150382
0.3520075	0.147155	6.77637e-05	-0.150468
0.3545675	0.147325	6.68893e-05	-0.150639
0.3558475	0.14741	6.64603e-05	-0.150724
0.3571275	0.147495	6.60369e-05	-0.150809
0.3584075	0.14758	6.5619e-05	-0.150894
0.3596875	0.147664	6.52064e-05	-0.150978
0.3609675	0.147748	6.47991e-05	-0.151062
0.3635275	0.147913	6.40003e-05	-0.151228
0.3648075	0.147996	6.36088e-05	-0.151311
0.3660875	0.148079	6.32223e-05	-0.151394
0.3673675	0.148161	6.2841e-05	-0.151476
0.3686475	0.148244	6.24646e-05	-0.151559
0.3699275	0.148324	6.20931e-05	-0.15164
0.3724875	0.148487	6.1365e-05	-0.151803
0.3737675	0.148568	6.10081e-05	-0.151884
0.3750475	0.148649	6.0656e-05	-0.151965
0.3763275	0.148729	6.03086e-05	-0.152045
0.3776075	0.148808	5.99659e-05	-0.152125
0.3788875	0.148888	5.96278e-05	-0.152205
0.3814475	0.149047	5.89651e-05	-0.152364
0.3827275	0.149126	5.86404e-05	-0.152443
0.3840075	0.149204	5.83201e-05	-0.152521
0.3852875	0.149283	5.80041e-05	-0.1526
0.3865675	0.14936	5.76926e-05	-0.152678
0.3878475	0.149438	5.73852e-05	-0.152756
0.38976375	0.149554	5.69331e-05	-0.152872
0.3904075	0.149593	5.67638e-05	-0.152911
0.3916875	0.14967	5.64309e-05	-0.152988
0.3929675	0.149747	5.61018e-05	-0.153065
0.3942475	0.149824	5.57767e-05	-0.153142
0.3955275	0.149899	5.54554e-05	-0.153218
0.3968075	0.149975	5.51378e-05	-0.153294
0.3993675	0.150127	5.4514e-05	-0.153446
0.4019275	0.150277	5.3905e-05	-0.153596
0.4044875	0.150427	5.33104e-05	-0.153746
0.4070475	0.150574	5.27301e-05	-0.153894
0.4096075	0.150722	5.21637e-05	-0.154042
0.4121675	0.150868	5.1611e-05	-0.154188
0.4147275	0.151014	5.10717e-05	-0.154334
0.4172875	0.151158	5.05455e-05	-0.154479
0.4198475	0.151302	5.00322e-05	-0.154623
0.4224075	0.151445	4.95315e-05	-0.154766
0.4249675	0.151587	4.90431e-05	-0.154908
0.4275275	0.151727	4.85668e-05	-0.155049
0.4300875	0.151867	4.81022e-05	-0.155189
0.43072375	0.151902	4.79889e-05	-0.155224
0.4326475	0.152007	4.76069e-05	-0.155329
0.4352075	0.152145	4.71086e-05	-0.155467
0.4377675	0.152282	4.66212e-05	-0.155605
0.4403275	0.152419	4.61445e-05	-0.155742
0.4428875	0.152555	4.56783e-05	-0.155878
0.4454475	0.15269	4.52225e-05	-0.156013
0.4480075	0.152824	4.47767e-05	-0.156148
0.4505675	0.152958	4.43409e-05	-0.156282
0.4531275	0.153091	4.39148e-05	-0.156415
0.4556875	0.153223	4.34983e-05	-0.156547
0.4582475	0.153353	4.30913e-05	-0.156678
0.4608075	0.153484	4.26933e-05	-0.156809
0.4633675	0.153614	4.23044e-05	-0.156939
0.4659275	0.153743	4.19244e-05	-0.157068
0.4684875	0.15387	4.1553e-05	-0.157196
0.4710475	0.153998	4.11902e-05	-0.157324
0.47168375	0.15403	4.11015e-05	-0.157356
0.4736075	0.154125	4.08036e-05	-0.157451
0.4761675	0.154251	4.04144e-05	-0.157577
0.4787275	0.154375	4.00332e-05	-0.157702
0.4812875	0.1545	3.96598e-05	-0.157827
0.4838475	0.154624	3.92941e-05	-0.157951
0.4864075	0.154748	3.8936e-05	-0.158075
0.4889675	0.15487	3.85853e-05	-0.158198
0.4915275	0.154992	3.82419e-05	-0.15832
0.4940875	0.155113	3.79057e-05	-0.158441
0.4966475	0.155234	3.75764e-05	-0.158562
0.4992075	0.155353	3.72541e-05	-0.158682
0.5017675	0.155473	3.69385e-05	-0.158802
0.5043275	0.155592	3.66297e-05	-0.158921
0.5068875	0.15571	3.63273e-05	-0.159039
0.5094475	0.155827	3.60313e-05	-0.159157
0.5120075	0.155944	3.57416e-05	-0.159274
0.51264375	0.155973	3.56708e-05	-0.159303
0.5145675	0.15606	3.54335e-05	-0.15939
0.5171275	0.156176	3.51231e-05	-0.159506
0.5196875	0.15629	3.48188e-05	-0.159621
0.5222475	0.156405	3.45203e-05	-0.159736
0.5248075	0.156519	3.42275e-05	-0.15985
0.5273675	0.156632	3.39404e-05	-0.159963
0.5299275	0.156745	3.36589e-05	-0.160076
0.5324875	0.156857	3.3383e-05	-0.160188
0.5350475	0.156968	3.31123e-05	-0.1603
0.5376075	0.157079	3.28469e-05	-0.160411
0.5401675	0.15719	3.25868e-05	-0.160522
0.5427275	0.1573	3.23318e-05	-0.160632
0.5452875	0.157409	3.20818e-05	-0.160741
0.5478475	0.157517	3.18367e-05	-0.16085
0.5504075	0.157626	3.15965e-05	-0.160959
0.5529675	0.157734	3.13611e-05	-0.161067
0.55360375	0.157761	3.13034e-05	-0.161094
0.5555275	0.157841	3.11033e-05	-0.161174
0.5580875	0.157948	3.08413e-05	-0.161281
0.5606475	0.158053	3.05837e-05	-0.161387
0.5632075	0.158159	3.03306e-05	-0.161493
0.5657675	0.158265	3.0082e-05	-0.161599
0.5683275	0.158369	2.98376e-05	-0.161703
0.5708875	0.158474	2.95975e-05	-0.161808
0.5734475	0.158578	2.93616e-05	-0.161912
0.5760075	0.15868	2.913e-05	-0.162015
0.5785675	0.158783	2.89023e-05	-0.162118
0.5811275	0.158885	2.86787e-05	-0.16222
0.5836875	0.158987	2.8459e-05	-0.162322
0.5862475	0.159088	2.82433e-05	-0.162423
0.5888075	0.159188	2.80313e-05	-0.162524
0.5913675	0.159289	2.78232e-05	-0.162625
0.5939275	0.159389	2.76188e-05	-0.162725
0.5964875	0.159489	2.7418e-05	-0.162825
0.5990475	0.159588	2.72208e-05	-0.162924
0.6016075	0.159686	2.70272e-05	-0.163023
0.6041675	0.159784	2.68371e-05	-0.163121
0.6067275	0.159882	2.66503e-05	-0.163219
0.6092875	0.159979	2.6467e-05	-0.163316
0.6118475	0.160076	2.6287e-05	-0.163413
0.6144075	0.160173	2.61102e-05	-0.16351
0.6169675	0.160268	2.59366e-05	-0.163606
0.6195275	0.160363	2.57662e-05	-0.163701
0.6220875	0.160459	2.55988e-05	-0.163797
0.6246475	0.160553	2.54346e-05	-0.163891
0.6272075	0.160648	2.52733e-05	-0.163986
0.6297675	0.160741	2.5115e-05	-0.16408
0.6323275	0.160834	2.49595e-05	-0.164173
0.6348875	0.160928	2.48068e-05	-0.164267
0.63552375	0.160951	2.47694e-05	-0.16429
0.6374475	0.16102	2.46321e-05	-0.164359
0.6400075	0.161113	2.44521e-05	-0.164452
0.6425675	0.161205	2.4275e-05	-0.164544
0.6451275	0.161296	2.41005e-05	-0.164636
0.6476875	0.161387	2.39288e-05	-0.164727
0.6502475	0.161478	2.37597e-05	-0.164818
0.6528075	0.161568	2.35934e-05	-0.164908
0.6553675	0.161658	2.34297e-05	-0.164998
0.6579275	0.161748	2.32685e-05	-0.165088
0.6604875	0.161837	2.31099e-05	-0.165178
0.6630475	0.161926	2.29539e-05	-0.165267
0.6656075	0.162014	2.28002e-05	-0.165355
0.6681675	0.162102	2.26491e-05	-0.165443
0.6707275	0.16219	2.25003e-05	-0.165531
0.6732875	0.162278	2.23539e-05	-0.165619
0.6758475	0.162365	2.22098e-05	-0.165706
0.6784075	0.162451	2.20681e-05	-0.165793
0.6809675	0.162538	2.19286e-05	-0.16588
0.6835275	0.162624	2.17913e-05	-0.165966
0.6860875	0.162709	2.16563e-05	-0.166051
0.6886475	0.162795	2.15235e-05	-0.166137
0.6912075	0.16288	2.13927e-05	-0.166222
0.6937675	0.162964	2.12641e-05	-0.166307
0.6963275	0.163048	2.11376e-05	-0.166391
0.6988875	0.163132	2.10131e-05	-0.166475
0.7040075	0.1633	2.07701e-05	-0.166643
0.7065675	0.163383	2.06515e-05	-0.166726
0.7091275	0.163466	2.05348e-05	-0.166809
0.7116875	0.163547	2.04201e-05	-0.166891
0.7142475	0.163629	2.03072e-05	-0.166973
0.7168075	0.163711	2.01962e-05	-0.167055
0.71744375	0.163731	2.0169e-05	-0.167075
0.7219275	0.163874	1.9941e-05	-0.167218
0.7244875	0.163955	1.98133e-05	-0.167299
0.7270475	0.164036	1.96876e-05	-0.16738
0.7296075	0.164115	1.95636e-05	-0.16746
0.7321675	0.164195	1.94413e-05	-0.16754
0.7347275	0.164275	1.93208e-05	-0.16762
0.7398475	0.164433	1.9085e-05	-0.167778
0.7424075	0.164512	1.89696e-05	-0.167857
0.7449675	0.164591	1.88559e-05	-0.167936
0.7475275	0.164669	1.87438e-05	-0.168014
0.7500875	0.164746	1.86334e-05	-0.168092
0.7526475	0.164824	1.85245e-05	-0.16817
0.7577675	0.164978	1.83114e-05	-0.168324
0.7603275	0.165055	1.82072e-05	-0.168401
0.7628875	0.165132	1.81045e-05	-0.168478
0.7654475	0.165208	1.80033e-05	-0.168554
0.7680075	0.165284	1.79035e-05	-0.16863
0.7705675	0.165359	1.78052e-05	-0.168706
0.7756875	0.165509	1.76128e-05	-0.168856
0.7782475	0.165584	1.75188e-05	-0.168931
0.7808075	0.165659	1.74261e-05	-0.169006
0.7833675	0.165733	1.73347e-05	-0.16908
0.7859275	0.165807	1.72446e-05	-0.169154
0.7884875	0.165881	1.71559e-05	-0.169228
0.7936075	0.166027	1.69823e-05	-0.169375
0.7961675	0.1661	1.68974e-05	-0.169448
0.7987275	0.166173	1.68138e-05	-0.169521
0.79936375	0.166191	1.67932e-05	-0.169539
0.8012875	0.166246	1.67198e-05	-0.169594
0.8038475	0.166318	1.66234e-05	-0.169666
0.8064075	0.16639	1.65281e-05	-0.169738
0.8115275	0.166533	1.63415e-05	-0.169882
0.8166475	0.166675	1.61596e-05	-0.170024
0.8217675	0.166817	1.59825e-05	-0.170166
0.8268875	0.166957	1.581e-05	-0.170306
0.8320075	0.167096	1.56419e-05	-0.170446
0.8371275	0.167235	1.54783e-05	-0.170585
0.8422475	0.167373	1.5319e-05	-0.170723
0.8473675	0.16751	1.51639e-05	-0.17086
0.8524875	0.167645	1.50128e-05	-0.170996
0.8576075	0.16778	1.48657e-05	-0.171131
0.8627275	0.167914	1.47225e-05	-0.171265
0.8678475	0.168047	1.4583e-05	-0.171398
0.8729675	0.168179	1.44472e-05	-0.171531
0.8780875	0.168311	1.4315e-05	-0.171663
0.88128375	0.168392	1.42344e-05	-0.171744
0.8832075	0.168441	1.41781e-05	-0.171793
0.8883275	0.168572	1.4031e-05	-0.171924
0.8934475	0.1687	1.38874e-05	-0.172053
0.8985675	0.168828	1.37473e-05	-0.172181
0.9036875	0.168956	1.36105e-05	-0.172309
0.9088075	0.169083	1.3477e-05	-0.172436
0.9139275	0.169208	1.33467e-05	-0.172562
0.9190475	0.169333	1.32196e-05	-0.172687
0.9241675	0.169458	1.30955e-05	-0.172812
0.9292875	0.169581	1.29744e-05	-0.172935
0.9344075	0.169703	1.28562e-05	-0.173058
0.9395275	0.169826	1.27409e-05	-0.173181
0.9446475	0.169947	1.26284e-05	-0.173302
0.9497675	0.170068	1.25187e-05	-0.173423
0.9548875	0.170187	1.24115e-05	-0.173543
0.9600075	0.170307	1.23069e-05	-0.173663
0.96320375	0.170381	1.22431e-05	-0.173737
0.9651275	0.170426	1.21989e-05	-0.173782
0.9702475	0.170544	1.20833e-05	-0.1739
0.9753675	0.170661	1.19703e-05	-0.174017
0.9804875	0.170777	1.18598e-05	-0.174134
0.9856075	0.170893	1.17517e-05	-0.17425
0.9907275	0.171008	1.16461e-05	-0.174365
0.9958475	0.171123	1.15428e-05	-0.17448
1.0009675	0.171237	1.14418e-05	-0.174594
1.0060875	0.171349	1.13431e-05	-0.174707
1.0112075	0.171462	1.12466e-05	-0.17482
1.0163275	0.171574	1.11522e-05	-0.174932
1.0214475	0.171686	1.106e-05	-0.175044
1.0265675	0.171797	1.09697e-05	-0.175155
1.0316875	0.171906	1.08816e-05	-0.175265
1.0368075	0.172016	1.07954e-05	-0.175375
1.0419275	0.172125	1.07111e-05	-0.175484
1.04512375	0.172193	1.06596e-05	-0.175552
1.0470475	0.172234	1.06242e-05	-0.175593
1.0521675	0.172342	1.05315e-05	-0.175701
1.0572875	0.172449	1.04408e-05	-0.175808
1.0624075	0.172555	1.03519e-05	-0.175915
1.0675275	0.172661	1.0265e-05	-0.176021
1.0726475	0.172767	1.01798e-05	-0.176127
1.0777675	0.172872	1.00964e-05	-0.176232
1.0828875	0.172977	1.00147e-05	-0.176337
1.0880075	0.17308	9.93468e-06	-0.176441
1.0931275	0.173184	9.85635e-06	-0.176545
1.0982475	0.173287	9.77965e-06	-0.176648
1.1033675	0.173389	9.70456e-06	-0.17675
1.1084875	0.173491	9.63103e-06	-0.176852
1.1136075	0.173591	9.55902e-06	-0.176953
1.1187275	0.173692	9.48852e-06	-0.177054
1.1238475	0.173793	9.41948e-06	-0.177155
1.12704375	0.173855	9.37719e-06	-0.177217
1.1289675	0.173893	9.3469e-06	-0.177255
1.1340875	0.173992	9.26755e-06	-0.177354
1.1392075	0.174091	9.18968e-06	-0.177453
1.1443275	0.174188	9.11327e-06	-0.177551
1.1494475	0.174286	9.03829e-06	-0.177649
1.1545675	0.174384	8.96472e-06	-0.177747
1.1596875	0.174481	8.89253e-06	-0.177844
1.1648075	0.174577	8.82171e-06	-0.17794
1.1699275	0.174673	8.75222e-06	-0.178036
1.1750475	0.174769	8.68403e-06	-0.178132
1.1801675	0.174863	8.61714e-06	-0.178227
1.1852875	0.174958	8.55151e-06	-0.178322
1.1904075	0.175052	8.48712e-06	-0.178416
1.1955275	0.175145	8.42395e-06	-0.178509
1.2006475	0.175239	8.36198e-06	-0.178603
1.2057675	0.175332	8.30118e-06	-0.178696
1.2108875	0.175423	8.24154e-06	-0.178788
1.2160075	0.175515	8.18302e-06	-0.17888
1.2211275	0.175607	8.12561e-06	-0.178972
1.2262475	0.175698	8.0693e-06	-0.179063
1.2313675	0.175788	8.01405e-06	-0.179153
1.2364875	0.175879	7.95984e-06	-0.179244
1.2416075	0.175969	7.90666e-06	-0.179334
1.2467275	0.176057	7.85449e-06	-0.179423
1.2518475	0.176146	7.80331e-06	-0.179512
1.2569675	0.176235	7.75309e-06	-0.179601
1.2620875	0.176323	7.70382e-06	-0.179689
1.2672075	0.176411	7.65549e-06	-0.179777
1.2723275	0.176498	7.60805e-06	-0.179864
1.2774475	0.176584	7.56151e-06	-0.179951
1.2825675	0.176671	7.51586e-06	-0.180038
1.2876875	0.176757	7.47104e-06	-0.180124
1.29088375	0.176811	7.44356e-06	-0.180178
1.2928075	0.176843	7.4227e-06	-0.18021
1.2979275	0.176929	7.36797e-06	-0.180296
1.3030475	0.177014	7.31416e-06	-0.180381
1.3081675	0.177099	7.26125e-06	-0.180466
1.3132875	0.177182	7.20922e-06	-0.18055
1.3184075	0.177266	7.15806e-06	-0.180634
1.3235275	0.17735	7.10776e-06	-0.180718
1.3286475	0.177433	7.0583e-06	-0.180801
1.3337675	0.177516	7.00968e-06	-0.180884
1.3388875	0.177599	6.96187e-06	-0.180967
1.3440075	0.177681	6.91486e-06	-0.181049
1.3491275	0.177763	6.86865e-06	-0.181131
1.3542475	0.177844	6.82321e-06	-0.181213
1.3593675	0.177925	6.77853e-06	-0.181294
1.3644875	0.178006	6.73461e-06	-0.181375
1.3696075	0.178086	6.69143e-06	-0.181455
1.3747275	0.178166	6.64897e-06	-0.181535
1.3798475	0.178246	6.60724e-06	-0.181615
1.3900875	0.178405	6.52585e-06	-0.181774
1.3952075	0.178483	6.48618e-06	-0.181853
1.4003275	0.178561	6.44718e-06	-0.181931
1.4054475	0.17864	6.40883e-06	-0.18201
1.4105675	0.178718	6.37113e-06	-0.182088
1.4156875	0.178795	6.33406e-06	-0.182165
1.4259275	0.178949	6.26177e-06	-0.182319
1.4310475	0.179026	6.22653e-06	-0.182396
1.4361675	0.179101	6.19187e-06	-0.182472
1.4412875	0.179177	6.15781e-06	-0.182548
1.4464075	0.179253	6.1243e-06	-0.182624
1.4515275	0.179329	6.09136e-06	-0.1827
1.45472375	0.179376	6.0712e-06	-0.182747
1.4617675	0.179479	6.01663e-06	-0.18285
1.4668875	0.179553	5.97776e-06	-0.182924
1.4720075	0.179627	5.93949e-06	-0.182998
1.4771275	0.1797	5.90179e-06	-0.183072
1.4822475	0.179774	5.86466e-06	-0.183146
1.4873675	0.179848	5.82809e-06	-0.18322
1.4976075	0.179993	5.75661e-06	-0.183365
1.5027275	0.180066	5.72168e-06	-0.183438
1.5078475	0.180138	5.68727e-06	-0.18351
1.5129675	0.18021	5.65339e-06	-0.183582
1.5180875	0.180281	5.62002e-06	-0.183654
1.5232075	0.180352	5.58716e-06	-0.183725
1.5334475	0.180494	5.52292e-06	-0.183867
1.5385675	0.180565	5.49152e-06	-0.183938
1.5436875	0.180635	5.46061e-06	-0.184008
1.5488075	0.180706	5.43016e-06	-0.184079
1.5539275	0.180775	5.40016e-06	-0.184148
1.5590475	0.180844	5.37062e-06	-0.184218
1.5692875	0.180982	5.31288e-06	-0.184356
1.5744075	0.181051	5.28467e-06	-0.184425
1.5795275	0.18112	5.25687e-06	-0.184494
1.5846475	0.181188	5.2295e-06	-0.184562
1.5897675	0.181256	5.20254e-06	-0.18463
1.5948875	0.181324	5.17598e-06	-0.184698
1.6051275	0.181458	5.12406e-06	-0.184833
1.6153675	0.181592	5.07367e-06	-0.184967
1.61856375	0.181634	5.05835e-06	-0.185009
1.6256075	0.181725	5.01763e-06	-0.1851
1.6358475	0.181857	4.95991e-06	-0.185232
1.6460875	0.181987	4.90378e-06	-0.185363
1.6563275	0.182117	4.84919e-06	-0.185493
1.6665675	0.182246	4.79609e-06	-0.185622
1.6768075	0.182375	4.74443e-06	-0.185751
1.6870475	0.182502	4.69419e-06	-0.185878
1.6972875	0.182629	4.64532e-06	-0.186005
1.7075275	0.182754	4.5978e-06	-0.186131
1.7177675	0.182878	4.55156e-06	-0.186255
1.7280075	0.183003	4.5066e-06	-0.18638
1.7382475	0.183126	4.46285e-06	-0.186503
1.7484875	0.183248	4.4203e-06	-0.186625
1.7587275	0.183369	4.3789e-06	-0.186747
1.7689675	0.183489	4.33862e-06	-0.186867
1.7792075	0.183609	4.29943e-06	-0.186987
1.78240375	0.183646	4.28748e-06	-0.187024
1.7894475	0.183729	4.25622e-06	-0.187107
1.7996875	0.183847	4.21183e-06	-0.187225
1.8099275	0.183964	4.16856e-06	-0.187343
1.8201675	0.18408	4.12636e-06	-0.187459
1.8304075	0.184197	4.08524e-06	-0.187576
1.8406475	0.184312	4.04513e-06	-0.187691
1.8508875	0.184427	4.00604e-06	-0.187806
1.8611275	0.184541	3.96793e-06	-0.18792
1.8713675	0.184653	3.93077e-06	-0.188033
1.8816075	0.184765	3.89454e-06	-0.188145
1.8918475	0.184877	3.85922e-06	-0.188257
1.9020875	0.184988	3.82479e-06	-0.188368
1.9123275	0.185099	3.79121e-06	-0.188479
1.9225675	0.185207	3.75846e-06	-0.188588
1.9328075	0.185317	3.72654e-06	-0.188698
1.9430475	0.185425	3.6954e-06	-0.188806
1.94624375	0.185459	3.68588e-06	-0.18884
1.9532875	0.185533	3.66132e-06	-0.188914
1.9635275	0.18564	3.62638e-06	-0.189021
1.9737675	0.185746	3.59226e-06	-0.189128
1.9840075	0.185851	3.55892e-06	-0.189233
1.9942475	0.185957	3.52635e-06	-0.189339
2.0044875	0.186061	3.49455e-06	-0.189443
2.0147275	0.186165	3.46348e-06	-0.189547
2.0249675	0.186269	3.43313e-06	-0.189651
2.0352075	0.18637	3.40348e-06	-0.189753
2.0454475	0.186473	3.37451e-06	-0.189856
2.0556875	0.186574	3.34622e-06	-0.189957
2.0659275	0.186675	3.31858e-06	-0.190058
2.0761675	0.186776	3.29157e-06	-0.190159
2.0864075	0.186875	3.26519e-06	-0.190259
2.0966475	0.186974	3.23941e-06	-0.190358
2.1068875	0.187073	3.21422e-06	-0.190457
2.11008375	0.187104	3.20652e-06	-0.190488
2.1171275	0.187171	3.18684e-06	-0.190555
2.1273675	0.187269	3.1588e-06	-0.190653
2.1376075	0.187366	3.13138e-06	-0.19075
2.1478475	0.187462	3.10454e-06	-0.190846
2.1580875	0.187557	3.07828e-06	-0.190942
2.1683275	0.187653	3.05259e-06	-0.191038
2.1785675	0.187748	3.02745e-06	-0.191133
2.1888075	0.187843	3.00285e-06	-0.191228
2.1990475	0.187937	2.97878e-06	-0.191322
2.2092875	0.18803	2.95523e-06	-0.191415
2.2195275	0.188123	2.93218e-06	-0.191508
2.2297675	0.188216	2.90963e-06	-0.191601
2.2400075	0.188307	2.88756e-06	-0.191693
2.2502475	0.188398	2.86596e-06	-0.191784
2.2604875	0.188489	2.84482e-06	-0.191875
2.2707275	0.18858	2.82413e-06	-0.191966
2.27392375	0.188608	2.81779e-06	-0.191994
2.2809675	0.18867	2.80086e-06	-0.192056
2.2912075	0.188759	2.7767e-06	-0.192145
2.3014475	0.188849	2.75302e-06	-0.192235
2.3116875	0.188937	2.72979e-06	-0.192323
2.3219275	0.189025	2.70702e-06	-0.192412
2.3321675	0.189112	2.6847e-06	-0.192499
2.3424075	0.1892	2.66282e-06	-0.192587
2.3526475	0.189287	2.64136e-06	-0.192674
2.3628875	0.189373	2.62033e-06	-0.19276
2.3731275	0.189459	2.59971e-06	-0.192846
2.3833675	0.189545	2.57949e-06	-0.192932
2.3936075	0.18963	2.55968e-06	-0.193017
2.4038475	0.189714	2.54025e-06	-0.193102
2.4140875	0.189798	2.5212e-06	-0.193186
2.4243275	0.189882	2.50252e-06	-0.19327
2.4345675	0.189966	2.48421e-06	-0.193354
2.4448075	0.190049	2.46625e-06	-0.193437
2.4550475	0.190131	2.44865e-06	-0.193519
2.4652875	0.190214	2.43139e-06	-0.193602
2.4755275	0.190296	2.41446e-06	-0.193684
2.4857675	0.190376	2.39787e-06	-0.193765
2.4960075	0.190457	2.3816e-06	-0.193846
2.5062475	0.190538	2.36563e-06	-0.193927
2.5164875	0.190618	2.34999e-06	-0.194007
2.5267275	0.190698	2.33464e-06	-0.194087
2.5369675	0.190778	2.31958e-06	-0.194167
2.5472075	0.190857	2.30482e-06	-0.194246
2.5574475	0.190936	2.29034e-06	-0.194325
2.5676875	0.191013	2.27613e-06	-0.194403
2.5779275	0.191091	2.2622e-06	-0.194481
2.5881675	0.191169	2.24853e-06	-0.194559
2.5984075	0.191247	2.23511e-06	-0.194637
2.60160375	0.191271	2.231e-06	-0.194661
2.6086475	0.191324	2.21935e-06	-0.194714
2.6188875	0.1914	2.2027e-06	-0.19479
2.6291275	0.191477	2.18634e-06	-0.194867
2.6393675	0.191553	2.17026e-06	-0.194943
2.6496075	0.191627	2.15446e-06	-0.195018
2.6598475	0.191703	2.13894e-06	-0.195094
2.6700875	0.191777	2.12369e-06	-0.195168
2.6803275	0.191852	2.1087e-06	-0.195243
2.7008075	0.192	2.07951e-06	-0.195391
2.7110475	0.192074	2.06529e-06	-0.195465
2.7212875	0.192147	2.05132e-06	-0.195538
2.7315275	0.192219	2.03759e-06	-0.195611
2.7417675	0.192292	2.0241e-06	-0.195684
2.7520075	0.192364	2.01084e-06	-0.195756
2.7724875	0.192508	1.98501e-06	-0.1959
2.7827275	0.192579	1.97243e-06	-0.195971
2.7929675	0.192651	1.96007e-06	-0.196043
2.8032075	0.192721	1.94792e-06	-0.196113
2.8134475	0.192791	1.93598e-06	-0.196184
2.8236875	0.192861	1.92424e-06	-0.196254
2.8441675	0.193	1.90137e-06	-0.196393
2.8544075	0.19307	1.89023e-06	-0.196463
2.8646475	0.193139	1.87927e-06	-0.196532
2.8748875	0.193208	1.86851e-06	-0.196601
2.8851275	0.193276	1.85793e-06	-0.196669
2.8953675	0.193343	1.84752e-06	-0.196737
2.9158475	0.193479	1.82723e-06	-0.196873
2.9260875	0.193546	1.81734e-06	-0.19694
2.92928375	0.193567	1.8143e-06	-0.196961
2.9363275	0.193613	1.80593e-06	-0.197007
2.9465675	0.19368	1.79394e-06	-0.197074
2.9568075	0.193746	1.78213e-06	-0.19714
2.9670475	0.193812	1.77052e-06	-0.197206
2.9875275	0.193943	1.74782e-06	-0.197338
2.9977675	0.194008	1.73673e-06	-0.197403
3.0080075	0.194073	1.72583e-06	-0.197468
3.0182475	0.194138	1.71509e-06	-0.197533
3.0284875	0.194203	1.70451e-06	-0.197598
3.0387275	0.194267	1.69411e-06	-0.197662
3.0592075	0.194395	1.67377e-06	-0.19779
3.0694475	0.194459	1.66385e-06	-0.197854
3.0796875	0.194522	1.65408e-06	-0.197917
3.0899275	0.194585	1.64446e-06	-0.19798
3.1001675	0.194647	1.63499e-06	-0.198043
3.1104075	0.19471	1.62566e-06	-0.198106
3.1308875	0.194834	1.60745e-06	-0.19823
3.1513675	0.194958	1.58978e-06	-0.198354
3.1718475	0.19508	1.57267e-06	-0.198476
3.1923275	0.195202	1.55607e-06	-0.198598
3.2128075	0.195322	1.53997e-06	-0.198719
3.2332875	0.195442	1.52436e-06	-0.198839
3.2537675	0.19556	1.50922e-06	-0.198957
3.25696375	0.195578	1.50692e-06	-0.198975
3.2742475	0.195678	1.49173e-06	-0.199075
3.2947275	0.195796	1.47424e-06	-0.199193
3.3152075	0.195911	1.45723e-06	-0.199309
3.3356875	0.196026	1.44071e-06	-0.199424
3.3561675	0.196141	1.42465e-06	-0.199539
3.3766475	0.196255	1.40903e-06	-0.199653
3.3971275	0.196368	1.39386e-06	-0.199766
3.4176075	0.19648	1.37912e-06	-0.199878
3.4380875	0.19659	1.36478e-06	-0.199989
3.4585675	0.196701	1.35085e-06	-0.2001
3.4790475	0.196811	1.3373e-06	-0.20021
3.4995275	0.19692	1.32413e-06	-0.200319
3.5200075	0.197028	1.31133e-06	-0.200427
3.5404875	0.197134	1.29887e-06	-0.200534
3.5609675	0.197241	1.28676e-06	-0.200641
3.5814475	0.197347	1.27499e-06	-0.200747
3.58464375	0.197363	1.27319e-06	-0.200763
3.6019275	0.197452	1.26074e-06	-0.200852
3.6224075	0.197557	1.24635e-06	-0.200957
3.6428875	0.197661	1.23233e-06	-0.201061
3.6633675	0.197764	1.21865e-06	-0.201164
3.6838475	0.197866	1.20531e-06	-0.201267
3.7043275	0.197967	1.19232e-06	-0.201368
3.7248075	0.198069	1.17964e-06	-0.20147
3.7452875	0.198169	1.16728e-06	-0.20157
3.7657675	0.198269	1.15523e-06	-0.20167
3.7862475	0.198368	1.14349e-06	-0.201769
3.8067275	0.198467	1.13203e-06	-0.201868
3.8272075	0.198565	1.12087e-06	-0.201966
3.8476875	0.198661	1.10998e-06	-0.202063
3.8681675	0.198757	1.09936e-06	-0.202159
3.8886475	0.198854	1.08901e-06	-0.202256
3.9091275	0.198949	1.07891e-06	-0.202351
3.9296075	0.199044	1.06906e-06	-0.202446
3.9500875	0.199138	1.05946e-06	-0.20254
3.9705675	0.199232	1.0501e-06	-0.202634
3.9910475	0.199325	1.04096e-06	-0.202727
4.0115275	0.199416	1.03205e-06	-0.202819
4.0320075	0.199508	1.02335e-06	-0.202911
4.0524875	0.1996	1.01487e-06	-0.203003
4.0729675	0.199691	1.0066e-06	-0.203094
4.0934475	0.199781	9.98524e-07	-0.203184
4.1139275	0.199871	9.90644e-07	-0.203274
4.1344075	0.19996	9.8295e-07	-0.203363
4.1548875	0.200049	9.75438e-07	-0.203452
4.1753675	0.200136	9.68105e-07	-0.20354
4.1958475	0.200223	9.60945e-07	-0.203627
4.2163275	0.20031	9.53953e-07	-0.203714
4.2368075	0.200397	9.47123e-07	-0.203801
4.24000375	0.20041	9.4608e-07	-0.203814
4.2572875	0.200483	9.38334e-07	-0.203887
4.2777675	0.200569	9.29346e-07	-0.203973
4.2982475	0.200654	9.20553e-07	-0.204058
4.3187275	0.200738	9.11949e-07	-0.204142
4.3392075	0.200822	9.0353e-07	-0.204227
4.3596875	0.200905	8.95293e-07	-0.20431
4.3801675	0.200988	8.87234e-07	-0.204393
4.4006475	0.201071	8.79349e-07	-0.204476
4.4211275	0.201153	8.71633e-07	-0.204558
4.4416075	0.201235	8.64082e-07	-0.20464
4.4620875	0.201316	8.56695e-07	-0.204721
4.4825675	0.201397	8.49466e-07	-0.204802
4.5030475	0.201477	8.42392e-07	-0.204883
4.5235275	0.201557	8.35469e-07	-0.204963
4.5440075	0.201636	8.28694e-07	-0.205042
4.5644875	0.201715	8.22064e-07	-0.205121
4.5849675	0.201794	8.15575e-07	-0.2052
4.6054475	0.201872	8.09224e-07	-0.205278
4.6259275	0.20195	8.03007e-07	-0.205356
4.6464075	0.202027	7.96923e-07	-0.205433
4.6668875	0.202104	7.90966e-07	-0.205511
4.6873675	0.20218	7.85134e-07	-0.205587
4.7078475	0.202256	7.79425e-07	-0.205663
4.7283275	0.202332	7.73835e-07	-0.205739
4.7488075	0.202408	7.68362e-07	-0.205815
4.7692875	0.202483	7.63002e-07	-0.20589
4.7897675	0.202557	7.57753e-07	-0.205964
4.8102475	0.202631	7.52612e-07	-0.206038
4.8307275	0.202704	7.47576e-07	-0.206112
4.8512075	0.202777	7.42643e-07	-0.206185
4.8716875	0.202851	7.3781e-07	-0.206259
4.8921675	0.202923	7.33074e-07	-0.206331
4.9126475	0.202996	7.27188e-07	-0.206404
4.9331275	0.203068	7.21185e-07	-0.206476
4.9536075	0.203139	7.15296e-07	-0.206547
4.9740875	0.20321	7.09519e-07	-0.206618
4.9945675	0.203281	7.03851e-07	-0.206689
5.0150475	0.203351	6.9829e-07	-0.20676
5.0355275	0.203421	6.92835e-07	-0.20683
5.0560075	0.203491	6.87482e-07	-0.2069
5.0764875	0.20356	6.82231e-07	-0.206969
5.0969675	0.203629	6.77078e-07	-0.207038
5.1174475	0.203698	6.72023e-07	-0.207107
5.1379275	0.203767	6.67063e-07	-0.207176
5.1584075	0.203835	6.62196e-07	-0.207244
5.1993675	0.20397	6.52735e-07	-0.207379
5.2198475	0.204037	6.48137e-07	-0.207446
5.2403275	0.204103	6.43624e-07	-0.207513
5.2608075	0.20417	6.39195e-07	-0.20758
5.2812875	0.204236	6.3485e-07	-0.207646
5.3017675	0.204301	6.30585e-07	-0.207711
5.3427275	0.204432	6.22289e-07	-0.207842
5.3632075	0.204497	6.18256e-07	-0.207907
5.3836875	0.204562	6.14297e-07	-0.207972
5.4041675	0.204626	6.1041e-07	-0.208036
5.4246475	0.20469	6.06594e-07	-0.2081
5.4451275	0.204753	6.02848e-07	-0.208164
5.4860875	0.20488	5.95557e-07	-0.208291
5.5065675	0.204942	5.9201e-07	-0.208353
5.5270475	0.205005	5.88527e-07	-0.208416
5.5475275	0.205067	5.85105e-07	-0.208478
5.5680075	0.205129	5.80963e-07	-0.20854
5.5884875	0.205191	5.76748e-07	-0.208602
5.6294475	0.205314	5.68529e-07	-0.208725
5.6499275	0.205375	5.64523e-07	-0.208786
5.6704075	0.205435	5.60585e-07	-0.208846
5.6908875	0.205496	5.56713e-07	-0.208907
5.7113675	0.205556	5.52907e-07	-0.208967
5.7318475	0.205615	5.49164e-07	-0.209027
5.7728075	0.205733	5.41866e-07	-0.209145
5.7932875	0.205792	5.38309e-07	-0.209204
5.8137675	0.205851	5.34812e-07	-0.209263
5.8342475	0.20591	5.31372e-07	-0.209322
5.8547275	0.205968	5.27991e-07	-0.20938
5.8752075	0.206026	5.24666e-07	-0.209438
5.9161675	0.206141	5.1818e-07	-0.209553
5.9571275	0.206256	5.11907e-07	-0.209668
5.9980875	0.206369	5.0584e-07	-0.209781
6.0390475	0.206482	4.9997e-07	-0.209894
6.0800075	0.206592	4.94291e-07	-0.210005
6.1209675	0.206703	4.88795e-07	-0.210116
6.1619275	0.206812	4.83475e-07	-0.210225
6.2028875	0.206921	4.78324e-07	-0.210334
6.2438475	0.207029	4.71764e-07	-0.210442
6.2848075	0.207136	4.65266e-07	-0.210549
6.3257675	0.207242	4.58957e-07	-0.210655
6.3667275	0.207346	4.52833e-07	-0.21076
6.4076875	0.20745	4.46888e-07	-0.210864
6.4486475	0.207554	4.41118e-07	-0.210968
6.4896075	0.207657	4.35515e-07	-0.211071
6.5305675	0.207759	4.30077e-07	-0.211173
6.5715275	0.20786	4.24796e-07	-0.211274
6.6124875	0.207959	4.1967e-07	-0.211374
6.6534475	0.208059	4.14694e-07	-0.211474
6.6944075	0.208158	4.09861e-07	-0.211573
6.7353675	0.208256	4.05169e-07	-0.211671
6.7763275	0.208353	4.00613e-07	-0.211768
6.8172875	0.20845	3.96187e-07	-0.211865
6.8582475	0.208546	3.9189e-07	-0.211961
6.8992075	0.20864	3.87716e-07	-0.212056
6.9401675	0.208734	3.83662e-07	-0.21215
6.9811275	0.208828	3.79722e-07	-0.212244
7.0220875	0.208921	3.75894e-07	-0.212337
7.0630475	0.209014	3.72175e-07	-0.21243
7.1040075	0.209106	3.6856e-07	-0.212522
7.1449675	0.209196	3.65046e-07	-0.212613
7.1859275	0.209286	3.6163e-07	-0.212703
7.2268875	0.209376	3.58308e-07	-0.212793
7.2678475	0.209465	3.55078e-07	-0.212882
7.3088075	0.209554	3.51935e-07	-0.212971
7.3497675	0.209642	3.48878e-07	-0.213059
7.3907275	0.209728	3.45902e-07	-0.213146
7.4316875	0.209814	3.43005e-07	-0.213232
7.4726475	0.209901	3.40185e-07	-0.213319
7.5136075	0.209986	3.37438e-07	-0.213404
7.5545675	0.210071	3.33675e-07	-0.213489
7.5955275	0.210155	3.29914e-07	-0.213573
7.6364875	0.210239	3.26246e-07	-0.213657
7.6774475	0.210322	3.22668e-07	-0.21374
7.7184075	0.210405	3.19179e-07	-0.213823
7.7593675	0.210486	3.15775e-07	-0.213905
7.8003275	0.210568	3.12454e-07	-0.213987
7.8412875	0.210649	3.09215e-07	-0.214068
7.8822475	0.210729	3.06056e-07	-0.214148
7.9232075	0.210809	3.02975e-07	-0.214228
7.9641675	0.210889	2.99969e-07	-0.214308
8.0051275	0.210968	2.97036e-07	-0.214387
8.0460875	0.211046	2.94174e-07	-0.214465
8.0870475	0.211124	2.91383e-07	-0.214543
8.1280075	0.211201	2.88659e-07	-0.21462
8.1689675	0.211278	2.86001e-07	-0.214697
8.2099275	0.211354	2.83407e-07	-0.214774
8.2508875	0.21143	2.80876e-07	-0.21485
8.2918475	0.211505	2.78405e-07	-0.214925
8.3328075	0.21158	2.75994e-07	-0.215
8.3737675	0.211655	2.7364e-07	-0.215075
8.4147275	0.211729	2.71341e-07	-0.215149
8.4556875	0.211803	2.69097e-07	-0.215223
8.4966475	0.211876	2.66906e-07	-0.215296
8.5376075	0.211948	2.64766e-07	-0.215368
8.5785675	0.212021	2.62676e-07	-0.215441
8.6195275	0.212092	2.60634e-07	-0.215513
8.6604875	0.212163	2.58639e-07	-0.215584
8.7014475	0.212234	2.5669e-07	-0.215655
8.7424075	0.212305	2.54784e-07	-0.215726
8.7833675	0.212375	2.52922e-07	-0.215796
8.8243275	0.212444	2.51101e-07	-0.215865
8.8652875	0.212514	2.48728e-07	-0.215935
8.9062475	0.212583	2.46353e-07	-0.216004
8.9472075	0.212651	2.44031e-07	-0.216072
8.9881675	0.212719	2.41757e-07	-0.21614
9.0291275	0.212787	2.39532e-07	-0.216208
9.0700875	0.212854	2.37354e-07	-0.216276
9.1110475	0.21292	2.35222e-07	-0.216342
9.1520075	0.212987	2.33136e-07	-0.216409
9.1929675	0.213053	2.31093e-07	-0.216475
9.2339275	0.213119	2.29094e-07	-0.216541
9.2748875	0.213185	2.27137e-07	-0.216607
9.3158475	0.21325	2.25222e-07	-0.216672
9.3568075	0.213314	2.23346e-07	-0.216736
9.3977675	0.213379	2.21511e-07	-0.216801
9.4387275	0.213443	2.19713e-07	-0.216865
9.4796875	0.213506	2.17953e-07	-0.216928
9.5206475	0.213569	2.1623e-07	-0.216992
9.5616075	0.213632	2.14543e-07	-0.217055
9.6025675	0.213694	2.1289e-07	-0.217117
9.6435275	0.213756	2.11272e-07	-0.217179
9.6844875	0.213818	2.09687e-07	-0.217241
9.7254475	0.21388	2.08135e-07	-0.217303
9.8073675	0.214002	2.05124e-07	-0.217425
9.8483275	0.214063	2.03665e-07	-0.217486
9.8892875	0.214123	2.02235e-07	-0.217546
9.9302475	0.214182	2.00834e-07	-0.217606
9.9712075	0.214242	1.99461e-07	-0.217666
10.0121675	0.214301	1.98115e-07	-0.217725
10.0940875	0.214419	1.95503e-07	-0.217843
10.1350475	0.214477	1.94235e-07	-0.217901
10.1760075	0.214535	1.9264e-07	-0.217959
10.2169675	0.214593	1.91046e-07	-0.218017
10.2579275	0.214651	1.8948e-07	-0.218075
10.2988875	0.214708	1.87945e-07	-0.218132
10.3808075	0.214821	1.84959e-07	-0.218245
10.4217675	0.214878	1.83508e-07	-0.218302
10.4627275	0.214934	1.82083e-07	-0.218358
10.5036875	0.214989	1.80686e-07	-0.218414
10.5446475	0.215044	1.79314e-07	-0.218469
10.5856075	0.215099	1.77968e-07	-0.218524
10.6675275	0.215209	1.7535e-07	-0.218634
10.7084875	0.215263	1.74078e-07	-0.218688
10.7494475	0.215317	1.72828e-07	-0.218742
10.7904075	0.215371	1.71602e-07	-0.218796
10.8313675	0.215425	1.70398e-07	-0.21885
10.8723275	0.215478	1.69217e-07	-0.218903
10.9542475	0.215584	1.66918e-07	-0.219009
10.9952075	0.215637	1.65799e-07	-0.219062
11.0361675	0.215689	1.64701e-07	-0.219114
11.0771275	0.215741	1.63623e-07	-0.219166
11.1180875	0.215793	1.62564e-07	-0.219218
11.1590475	0.215844	1.61524e-07	-0.21927
11.2409675	0.215946	1.595e-07	-0.219372
11.3228875	0.216047	1.57547e-07	-0.219473
11.4048075	0.216148	1.55661e-07	-0.219574
11.4489637	0.216202	1.54679e-07	-0.219628
11.4867275	0.216248	1.53531e-07	-0.219674
11.5686475	0.216346	1.51114e-07	-0.219772
11.6505675	0.216444	1.48774e-07	-0.21987
11.7324875	0.216541	1.46509e-07	-0.219967
11.8144075	0.216637	1.44316e-07	-0.220063
11.8963275	0.216731	1.42195e-07	-0.220158
11.9782475	0.216825	1.40141e-07	-0.220252
12.0601675	0.216919	1.38153e-07	-0.220346
12.1420875	0.217012	1.36229e-07	-0.220439
12.2240075	0.217103	1.34366e-07	-0.22053
12.3059275	0.217195	1.32563e-07	-0.220622
12.3878475	0.217285	1.30817e-07	-0.220712
12.4697675	0.217374	1.29126e-07	-0.220801
12.5516875	0.217463	1.27489e-07	-0.22089
12.6336075	0.217551	1.25904e-07	-0.220978
12.7155275	0.217638	1.24368e-07	-0.221065
12.7974475	0.217724	1.2288e-07	-0.221152
12.8793675	0.21781	1.2144e-07	-0.221238
12.9612875	0.217895	1.20044e-07	-0.221323
13.0432075	0.217979	1.1869e-07	-0.221407
13.1251275	0.218063	1.17379e-07	-0.221491
13.2070475	0.218146	1.16108e-07	-0.221574
13.2889675	0.218228	1.14875e-07	-0.221656
13.3708875	0.21831	1.13679e-07	-0.221738
13.4528075	0.218391	1.12519e-07	-0.221819
13.5347275	0.218471	1.11394e-07	-0.221899
13.6166475	0.218551	1.10301e-07	-0.221979
13.6985675	0.218629	1.09241e-07	-0.222058
13.7804875	0.218707	1.08211e-07	-0.222136
13.8624075	0.218785	1.0721e-07	-0.222214
13.9443275	0.218863	1.06238e-07	-0.222292
14.0262475	0.218939	1.05293e-07	-0.222368
14.0704037	0.21898	1.04798e-07	-0.222409
14.1081675	0.219015	1.04174e-07	-0.222444
14.1900875	0.219091	1.02853e-07	-0.22252
14.2720075	0.219166	1.01568e-07	-0.222595
14.3539275	0.21924	1.00317e-07	-0.222669
14.4358475	0.219314	9.90996e-08	-0.222743
14.5177675	0.219386	9.79146e-08	-0.222816
14.5996875	0.219459	9.67609e-08	-0.222889
14.6816075	0.219531	9.56382e-08	-0.222961
14.7635275	0.219603	9.45453e-08	-0.223033
14.8454475	0.219674	9.34811e-08	-0.223104
14.9273675	0.219745	9.24453e-08	-0.223175
15.0092875	0.219815	9.14366e-08	-0.223245
15.0912075	0.219884	9.04546e-08	-0.223314
15.1731275	0.219954	8.94984e-08	-0.223384
15.2550475	0.220022	8.85672e-08	-0.223452
15.3369675	0.22009	8.76604e-08	-0.22352
15.4188875	0.220157	8.67771e-08	-0.223588
15.5008075	0.220224	8.59167e-08	-0.223655
15.5827275	0.220291	8.50786e-08	-0.223722
15.6646475	0.220357	8.4262e-08	-0.223788
15.7465675	0.220423	8.34664e-08	-0.223854
15.8284875	0.220488	8.26909e-08	-0.223919
15.9104075	0.220553	8.19352e-08	-0.223984
15.9923275	0.220618	8.11985e-08	-0.224049
16.0742475	0.220682	8.04803e-08	-0.224113
16.1561675	0.220745	7.978e-08	-0.224176
16.2380875	0.220809	7.9097e-08	-0.22424
16.3200075	0.22087	7.84307e-08	-0.224302
16.4019275	0.220933	7.77807e-08	-0.224365
16.4838475	0.220995	7.71466e-08	-0.224427
16.5657675	0.221056	7.65275e-08	-0.224488
16.6476875	0.221117	7.59232e-08	-0.224549
16.6918437	0.22115	7.56052e-08	-0.224582
16.7296075	0.221178	7.52293e-08	-0.22461
16.8115275	0.221238	7.4431e-08	-0.22467
16.8934475	0.221298	7.36508e-08	-0.22473
16.9753675	0.221358	7.28886e-08	-0.22479
17.0572875	0.221417	7.21438e-08	-0.224849
17.1392075	0.221476	7.14159e-08	-0.224908
17.2211275	0.221534	7.07045e-08	-0.224966
17.3030475	0.221592	7.00093e-08	-0.225024
17.3849675	0.221649	6.93299e-08	-0.225082
17.4668875	0.221706	6.86659e-08	-0.225139
17.5488075	0.221763	6.80169e-08	-0.225196
17.6307275	0.221819	6.73826e-08	-0.225252
17.7126475	0.221876	6.67625e-08	-0.225309
17.7945675	0.221932	6.61563e-08	-0.225365
17.8764875	0.221987	6.55638e-08	-0.22542
17.9584075	0.222042	6.49844e-08	-0.225475
18.0403275	0.222097	6.44179e-08	-0.22553
18.1222475	0.222152	6.38641e-08	-0.225585
18.2860875	0.22226	6.27928e-08	-0.225693
18.3680075	0.222313	6.22748e-08	-0.225746
18.4499275	0.222367	6.17681e-08	-0.2258
18.5318475	0.22242	6.12724e-08	-0.225853
18.6137675	0.222472	6.07875e-08	-0.225905
18.6956875	0.222524	6.0313e-08	-0.225958
18.8595275	0.222627	5.93944e-08	-0.226061
18.9414475	0.222679	5.89497e-08	-0.226113
19.0233675	0.22273	5.85144e-08	-0.226164
19.1052875	0.222781	5.80883e-08	-0.226215
19.1872075	0.222831	5.7671e-08	-0.226265
19.2691275	0.222881	5.72624e-08	-0.226315
19.3132837	0.222908	5.70486e-08	-0.226342
19.4329675	0.222981	5.62842e-08	-0.226415
19.5148875	0.22303	5.57758e-08	-0.226464
19.5968075	0.22308	5.52776e-08	-0.226514
19.6787275	0.223128	5.47893e-08	-0.226562
19.7606475	0.223177	5.43106e-08	-0.226611
19.8425675	0.223225	5.38416e-08	-0.226659
20.0064075	0.22332	5.29311e-08	-0.226755
20.0883275	0.223367	5.24893e-08	-0.226802
20.1702475	0.223415	5.20563e-08	-0.22685
20.2521675	0.223462	5.16318e-08	-0.226897
20.3340875	0.223508	5.12157e-08	-0.226943
20.4160075	0.223555	5.08077e-08	-0.22699
20.5798475	0.223647	5.00155e-08	-0.227082
20.7436875	0.223738	4.92539e-08	-0.227173
20.9075275	0.223828	4.85215e-08	-0.227263
21.0713675	0.223918	4.7817e-08	-0.227353
21.2352075	0.224006	4.71391e-08	-0.227441
21.3990475	0.224092	4.64867e-08	-0.227528
21.5628875	0.224179	4.58587e-08	-0.227615
21.7267275	0.224264	4.52538e-08	-0.2277
21.8905675	0.224349	4.4671e-08	-0.227785
21.9347237	0.224372	4.45194e-08	-0.227808
22.0544075	0.224433	4.39508e-08	-0.227869
22.2182475	0.224516	4.3198e-08	-0.227952
22.3820875	0.224598	4.24709e-08	-0.228034
22.5459275	0.22468	4.17683e-08	-0.228116
22.7097675	0.22476	4.10897e-08	-0.228196
22.8736075	0.224839	4.04341e-08	-0.228276
23.0374475	0.224918	3.98008e-08	-0.228355
23.2012875	0.224997	3.91889e-08	-0.228434
23.3651275	0.225074	3.85976e-08	-0.228511
23.5289675	0.225151	3.80263e-08	-0.228588
23.6928075	0.225227	3.74742e-08	-0.228664
23.8566475	0.225302	3.69407e-08	-0.228739
24.0204875	0.225377	3.6425e-08	-0.228814
24.1843275	0.225451	3.59265e-08	-0.228888
24.3481675	0.225524	3.54446e-08	-0.228961
24.5120075	0.225597	3.49786e-08	-0.229034
24.6758475	0.225668	3.4528e-08	-0.229106
24.8396875	0.225739	3.40921e-08	-0.229177
25.0035275	0.22581	3.36704e-08	-0.229248
25.1673675	0.22588	3.32625e-08	-0.229318
25.3312075	0.225949	3.28676e-08	-0.229387
25.4950475	0.226018	3.24855e-08	-0.229456
25.6588875	0.226086	3.21153e-08	-0.229524
25.8227275	0.226154	3.17569e-08	-0.229592
25.9865675	0.226221	3.14096e-08	-0.229659
26.1504075	0.226287	3.10731e-08	-0.229725
26.3142475	0.226352	3.07469e-08	-0.229791
26.4780875	0.226417	3.04305e-08	-0.229856
26.6419275	0.226482	3.01235e-08	-0.229921
26.8057675	0.226546	2.98258e-08	-0.229985
26.9696075	0.22661	2.95366e-08	-0.230049
27.1334475	0.226673	2.92558e-08	-0.230112
27.1776037	0.22669	2.91824e-08	-0.230129
27.2972875	0.226736	2.88857e-08	-0.230175
27.4611275	0.226798	2.84905e-08	-0.230237
27.6249675	0.226859	2.81063e-08	-0.230298
27.7888075	0.22692	2.7733e-08	-0.230359
27.9526475	0.226981	2.737e-08	-0.23042
28.1164875	0.227041	2.70173e-08	-0.23048
28.2803275	0.227101	2.66744e-08	-0.23054
28.4441675	0.22716	2.6341e-08	-0.230599
28.6080075	0.227217	2.60169e-08	-0.230657
28.7718475	0.227276	2.57018e-08	-0.230716
28.9356875	0.227333	2.53954e-08	-0.230773
29.0995275	0.227391	2.50975e-08	-0.230831
29.2633675	0.227447	2.48078e-08	-0.230887
29.4272075	0.227504	2.4526e-08	-0.230944
29.5910475	0.22756	2.4252e-08	-0.231
29.7548875	0.227615	2.39854e-08	-0.231055
29.9187275	0.227671	2.37261e-08	-0.231111
30.0825675	0.227725	2.34737e-08	-0.231165
30.2464075	0.22778	2.32282e-08	-0.23122
30.4102475	0.227833	2.29893e-08	-0.231273
30.5740875	0.227887	2.27568e-08	-0.231327
30.7379275	0.22794	2.25304e-08	-0.23138
30.9017675	0.227993	2.23099e-08	-0.231433
31.0656075	0.228045	2.20953e-08	-0.231485
31.2294475	0.228096	2.18863e-08	-0.231537
31.3932875	0.228148	2.16825e-08	-0.231589
31.5571275	0.228199	2.14841e-08	-0.23164
31.7209675	0.22825	2.12908e-08	-0.231691
31.8848075	0.2283	2.11023e-08	-0.231741
32.0486475	0.22835	2.09185e-08	-0.231791
32.2124875	0.2284	2.07393e-08	-0.231841
32.3763275	0.228449	2.05645e-08	-0.23189
32.4204837	0.228462	2.05185e-08	-0.231903
32.5401675	0.228498	2.03451e-08	-0.231939
32.7040075	0.228547	2.01133e-08	-0.231988
32.8678475	0.228595	1.98869e-08	-0.232036
33.1955275	0.228691	1.94503e-08	-0.232132
33.3593675	0.228739	1.92397e-08	-0.23218
33.5232075	0.228786	1.90341e-08	-0.232227
33.6870475	0.228832	1.88334e-08	-0.232273
33.8508875	0.228878	1.86375e-08	-0.23232
34.0147275	0.228924	1.84462e-08	-0.232366
34.3424075	0.229015	1.80768e-08	-0.232457
34.5062475	0.22906	1.78987e-08	-0.232502
34.6700875	0.229105	1.77247e-08	-0.232547
34.8339275	0.22915	1.75547e-08	-0.232592
34.9977675	0.229194	1.73887e-08	-0.232636
35.1616075	0.229238	1.72266e-08	-0.23268
35.4892875	0.229325	1.69133e-08	-0.232767
35.6531275	0.229368	1.6762e-08	-0.23281
35.8169675	0.229411	1.66143e-08	-0.232853
35.9808075	0.229454	1.64698e-08	-0.232896
36.1446475	0.229496	1.63286e-08	-0.232938
36.3084875	0.229538	1.61906e-08	-0.23298
36.6361675	0.22962	1.59238e-08	-0.233063
36.8000075	0.229661	1.57947e-08	-0.233104
36.9638475	0.229702	1.56685e-08	-0.233145
37.1276875	0.229743	1.55451e-08	-0.233186
37.2915275	0.229784	1.54244e-08	-0.233227
37.4553675	0.229824	1.53062e-08	-0.233267
37.6633637	0.229875	1.51609e-08	-0.233318
37.7830475	0.229904	1.50504e-08	-0.233347
38.1107275	0.229982	1.47592e-08	-0.233425
38.4384075	0.23006	1.448e-08	-0.233503
38.7660875	0.230137	1.42123e-08	-0.23358
39.0937675	0.230213	1.39554e-08	-0.233656
39.4214475	0.230288	1.3709e-08	-0.233731
39.7491275	0.230362	1.34725e-08	-0.233805
40.0768075	0.230436	1.32456e-08	-0.233879
40.4044875	0.230507	1.30277e-08	-0.233951
40.7321675	0.230579	1.28186e-08	-0.234023
41.0598475	0.23065	1.26177e-08	-0.234094
41.3875275	0.23072	1.24247e-08	-0.234164
41.7152075	0.230789	1.22392e-08	-0.234233
42.0428875	0.230857	1.20608e-08	-0.234301
42.3705675	0.230925	1.18893e-08	-0.234369
42.6982475	0.230992	1.17243e-08	-0.234436
42.9062437	0.231035	1.16233e-08	-0.234479
43.0259275	0.231059	1.1543e-08	-0.234503
43.3536075	0.231124	1.13302e-08	-0.234568
43.6812875	0.231189	1.11248e-08	-0.234633
44.0089675	0.231253	1.09268e-08	-0.234697
44.3366475	0.231317	1.07357e-08	-0.234761
44.6643275	0.231379	1.05513e-08	-0.234823
44.9920075	0.231442	1.03734e-08	-0.234886
45.3196875	0.231503	1.02017e-08	-0.234947
45.6473675	0.231563	1.0036e-08	-0.235008
45.9750475	0.231623	9.87615e-09	-0.235068
46.3027275	0.231683	9.72186e-09	-0.235128
46.6304075	0.231742	9.57289e-09	-0.235187
46.9580875	0.2318	9.42913e-09	-0.235245
47.2857675	0.231858	9.29032e-09	-0.235303
47.6134475	0.231916	9.15628e-09	-0.235361
47.9411275	0.231973	9.02681e-09	-0.235418
48.2688075	0.232029	8.90176e-09	-0.235474
48.5964875	0.232084	8.78095e-09	-0.235529
48.9241675	0.23214	8.66422e-09	-0.235585
49.2518475	0.232194	8.55139e-09	-0.235639
49.5795275	0.232248	8.44232e-09	-0.235693
49.9072075	0.232302	8.33685e-09	-0.235747
50.2348875	0.232355	8.23483e-09	-0.2358
50.5625675	0.232407	8.13613e-09	-0.235852
50.8902475	0.232458	8.04061e-09	-0.235904
51.2179275	0.23251	7.94814e-09	-0.235956
51.5456075	0.232561	7.85858e-09	-0.236007
51.8732875	0.232612	7.77181e-09	-0.236058
52.2009675	0.232662	7.68772e-09	-0.236108
52.5286475	0.232712	7.60619e-09	-0.236158
52.8563275	0.232761	7.52711e-09	-0.236207
53.1840075	0.23281	7.45037e-09	-0.236256
53.3920037	0.23284	7.40311e-09	-0.236286
53.5116875	0.232858	7.36264e-09	-0.236304
53.8393675	0.232906	7.25476e-09	-0.236352
54.1670475	0.232954	7.15001e-09	-0.2364
54.4947275	0.233001	7.04829e-09	-0.236447
54.8224075	0.233048	6.94951e-09	-0.236494
55.1500875	0.233094	6.85358e-09	-0.23654
55.4777675	0.23314	6.7604e-09	-0.236586
55.8054475	0.233186	6.66991e-09	-0.236632
56.1331275	0.23323	6.58202e-09	-0.236677
56.4608075	0.233275	6.49664e-09	-0.236722
56.7884875	0.233319	6.41369e-09	-0.236766
57.1161675	0.233363	6.33311e-09	-0.23681
57.4438475	0.233407	6.25482e-09	-0.236854
57.7715275	0.23345	6.17874e-09	-0.236897
58.0992075	0.233493	6.10481e-09	-0.23694
58.4268875	0.233536	6.03296e-09	-0.236983
58.7545675	0.233578	5.96311e-09	-0.237025
59.0822475	0.23362	5.89521e-09	-0.237067
59.4099275	0.233662	5.8292e-09	-0.237109
60.0652875	0.233744	5.70258e-09	-0.237191
60.3929675	0.233785	5.64186e-09	-0.237232
60.7206475	0.233825	5.58278e-09	-0.237272
61.0483275	0.233865	5.5253e-09	-0.237312
61.3760075	0.233903	5.46936e-09	-0.237351
61.7036875	0.233943	5.41491e-09	-0.237391
62.3590475	0.234021	5.31026e-09	-0.237469
62.6867275	0.234059	5.25997e-09	-0.237507
63.0144075	0.234097	5.21097e-09	-0.237545
63.3420875	0.234135	5.16322e-09	-0.237583
63.6697675	0.234173	5.11668e-09	-0.237621
63.8777637	0.234196	5.08787e-09	-0.237644
63.9974475	0.23421	5.06485e-09	-0.237658
64.6528075	0.234284	4.94318e-09	-0.237732
64.9804875	0.23432	4.88457e-09	-0.237768
65.3081675	0.234357	4.8274e-09	-0.237805
65.6358475	0.234392	4.77162e-09	-0.23784
65.9635275	0.234428	4.71721e-09	-0.237876
66.2912075	0.234463	4.66412e-09	-0.237911
66.9465675	0.234534	4.56177e-09	-0.237982
67.6019275	0.234603	4.46433e-09	-0.238051
68.2572875	0.234671	4.37152e-09	-0.238119
68.9126475	0.234738	4.2831e-09	-0.238186
69.5680075	0.234803	4.19883e-09	-0.238252
70.2233675	0.234869	4.1185e-09	-0.238318
70.8787275	0.234933	4.04188e-09	-0.238382
71.5340875	0.234997	3.96876e-09	-0.238446
72.1894475	0.235059	3.89897e-09	-0.238508
72.8448075	0.235121	3.8323e-09	-0.23857
73.5001675	0.235182	3.76859e-09	-0.238631
74.1555275	0.235242	3.70766e-09	-0.238691
74.3635237	0.235261	3.68915e-09	-0.23871
74.8108875	0.235302	3.63648e-09	-0.238751
75.4662475	0.235361	3.56247e-09	-0.23881
76.1216075	0.235419	3.49157e-09	-0.238868
76.7769675	0.235476	3.42364e-09	-0.238925
77.4323275	0.235532	3.35854e-09	-0.238981
78.0876875	0.235588	3.29615e-09	-0.239037
78.7430475	0.235643	3.23635e-09	-0.239092
79.3984075	0.235698	3.179e-09	-0.239147
80.0537675	0.235751	3.124e-09	-0.239201
80.7091275	0.235804	3.07124e-09	-0.239254
81.3644875	0.235856	3.02061e-09	-0.239306
82.0198475	0.235908	2.97201e-09	-0.239358
82.6752075	0.235959	2.92535e-09	-0.239409
83.3305675	0.23601	2.88048e-09	-0.23946
83.9859275	0.23606	2.83739e-09	-0.23951
84.6412875	0.236109	2.79596e-09	-0.239559
84.8492837	0.236125	2.78331e-09	-0.239575
85.2966475	0.236158	2.74569e-09	-0.239608
85.9520075	0.236207	2.69249e-09	-0.239657
86.6073675	0.236254	2.64121e-09	-0.239704
87.2627275	0.236302	2.59178e-09	-0.239752
87.9180875	0.236348	2.54414e-09	-0.239798
88.5734475	0.236395	2.49822e-09	-0.239845
89.2288075	0.236441	2.45394e-09	-0.239891
89.8841675	0.236486	2.41126e-09	-0.239936
90.5395275	0.23653	2.3701e-09	-0.23998
91.1948875	0.236575	2.33042e-09	-0.240025
91.8502475	0.236618	2.29215e-09	-0.240068
92.5056075	0.236662	2.25524e-09	-0.240112
93.1609675	0.236705	2.21964e-09	-0.240155
93.8163275	0.236747	2.18529e-09	-0.240197
94.4716875	0.236789	2.15215e-09	-0.240239
95.1270475	0.236831	2.12016e-09	-0.240281
95.7824075	0.236871	2.08929e-09	-0.240322
96.4377675	0.236911	2.05948e-09	-0.240362
97.0931275	0.236952	2.03071e-09	-0.240403
97.7484875	0.236991	2.00291e-09	-0.240442
98.4038475	0.237031	1.97606e-09	-0.240482
99.0592075	0.23707	1.95011e-09	-0.240521
99.7145675	0.237109	1.92502e-09	-0.24056
100.369927	0.237147	1.90076e-09	-0.240598
101.025287	0.237185	1.8773e-09	-0.240636
101.680647	0.237222	1.8546e-09	-0.240673
102.336007	0.23726	1.83263e-09	-0.240711
102.991367	0.237296	1.81135e-09	-0.240747
103.646727	0.237333	1.79074e-09	-0.240784
104.302087	0.237369	1.77077e-09	-0.24082
104.957447	0.237405	1.7514e-09	-0.240856
105.612807	0.23744	1.73262e-09	-0.240891
105.820804	0.237451	1.72684e-09	-0.240902
106.268167	0.237475	1.70839e-09	-0.240926
107.578887	0.237545	1.65664e-09	-0.240996
108.234247	0.237579	1.63191e-09	-0.24103
108.889607	0.237613	1.6079e-09	-0.241064
109.544967	0.237646	1.5846e-09	-0.241097
110.200327	0.237679	1.56199e-09	-0.24113
110.855687	0.237712	1.54005e-09	-0.241163
112.166407	0.237777	1.49806e-09	-0.241228
112.821767	0.237809	1.47799e-09	-0.24126
113.477127	0.237841	1.45849e-09	-0.241292
114.132487	0.237873	1.43955e-09	-0.241324
114.787847	0.237904	1.42117e-09	-0.241355
115.443207	0.237935	1.40332e-09	-0.241386
116.753927	0.237995	1.36912e-09	-0.241447
117.409287	0.238025	1.35275e-09	-0.241477
118.064647	0.238055	1.33684e-09	-0.241507
118.720007	0.238085	1.32138e-09	-0.241537
119.375367	0.238114	1.30635e-09	-0.241566
120.030727	0.238144	1.29174e-09	-0.241596
121.341447	0.238201	1.26371e-09	-0.241653
122.652167	0.238258	1.23719e-09	-0.24171
123.962887	0.238314	1.21207e-09	-0.241766
125.273607	0.238369	1.18826e-09	-0.241821
126.584327	0.238423	1.16567e-09	-0.241875
126.792324	0.238431	1.16227e-09	-0.241883
127.895047	0.238476	1.13727e-09	-0.241928
129.205767	0.238528	1.109e-09	-0.24198
130.516487	0.23858	1.08212e-09	-0.242032
131.827207	0.23863	1.05656e-09	-0.242082
133.137927	0.23868	1.03226e-09	-0.242132
134.448647	0.23873	1.00914e-09	-0.242182
135.759367	0.238778	9.87137e-10	-0.24223
137.070087	0.238826	9.66198e-10	-0.242278
138.380807	0.238872	9.46256e-10	-0.242325
139.691527	0.238918	9.27265e-10	-0.242371
141.002247	0.238964	9.09165e-10	-0.242417
142.312967	0.239009	8.91909e-10	-0.242462
143.623687	0.239054	8.75447e-10	-0.242507
144.934407	0.239098	8.59736e-10	-0.242551
146.245127	0.239141	8.4473e-10	-0.242594
147.555847	0.239184	8.30389e-10	-0.242637
147.763844	0.239191	8.28212e-10	-0.242644
148.866567	0.239225	8.12995e-10	-0.242678
150.177287	0.239267	7.95671e-10	-0.24272
151.488007	0.239308	7.79088e-10	-0.242761
152.798727	0.239348	7.63214e-10	-0.242801
154.109447	0.239388	7.48013e-10	-0.242841
155.420167	0.239428	7.33457e-10	-0.242881
156.730887	0.239466	7.19513e-10	-0.242919
158.041607	0.239505	7.06154e-10	-0.242958
159.352327	0.239542	6.9335e-10	-0.242996
160.663047	0.239579	6.81077e-10	-0.243033
161.973767	0.239616	6.69307e-10	-0.24307
163.284487	0.239652	6.58015e-10	-0.243106
164.595207	0.239688	6.4718e-10	-0.243142
165.905927	0.239724	6.36778e-10	-0.243178
167.216647	0.239759	6.26787e-10	-0.243213
168.527367	0.239794	6.17186e-10	-0.243248
168.735364	0.239799	6.1572e-10	-0.243253
169.838087	0.239828	6.0503e-10	-0.243282
171.148807	0.239862	5.92782e-10	-0.243316
172.459527	0.239895	5.80986e-10	-0.243349
173.770247	0.239928	5.69622e-10	-0.243382
175.080967	0.239961	5.58678e-10	-0.243415
176.391687	0.239993	5.48134e-10	-0.243447
177.702407	0.240025	5.37977e-10	-0.243479
179.013127	0.240057	5.28191e-10	-0.243511
180.323847	0.240088	5.18761e-10	-0.243542
181.634567	0.240119	5.09675e-10	-0.243573
182.945287	0.240149	5.00918e-10	-0.243603
184.256007	0.240179	4.92477e-10	-0.243633
186.877447	0.240239	4.76495e-10	-0.243693
188.188167	0.240268	4.6893e-10	-0.243722
189.498887	0.240297	4.61634e-10	-0.243751
190.809607	0.240324	4.54596e-10	-0.243779
192.120327	0.240353	4.47805e-10	-0.243808
193.431047	0.24038	4.4125e-10	-0.243835
196.052487	0.240435	4.28814e-10	-0.24389
197.363207	0.240463	4.22914e-10	-0.243918
198.673927	0.240489	4.17213e-10	-0.243944
199.984647	0.240516	4.11704e-10	-0.243971
201.295367	0.240542	4.06377e-10	-0.243997
202.606087	0.240568	4.01226e-10	-0.244023
205.227527	0.240619	3.91418e-10	-0.244074
206.538247	0.240644	3.86748e-10	-0.244099
207.848967	0.240669	3.82223e-10	-0.244124
209.159687	0.240694	3.77838e-10	-0.244149
210.470407	0.240718	3.73586e-10	-0.244173
210.678404	0.240722	3.72932e-10	-0.244177
211.781127	0.240743	3.6729e-10	-0.244198
214.402567	0.240791	3.54438e-10	-0.244246
217.024007	0.240837	3.42311e-10	-0.244292
219.645447	0.240883	3.3087e-10	-0.244338
222.266887	0.240928	3.20075e-10	-0.244383
224.888327	0.240973	3.09891e-10	-0.244428
227.509767	0.241016	3.00282e-10	-0.244471
230.131207	0.241059	2.91214e-10	-0.244514
232.752647	0.241101	2.82656e-10	-0.244556
235.374087	0.241142	2.7458e-10	-0.244597
237.995527	0.241182	2.66956e-10	-0.244637
240.616967	0.241222	2.59758e-10	-0.244677
243.238407	0.241261	2.5296e-10	-0.244716
245.859847	0.241299	2.46537e-10	-0.244754
248.481287	0.241337	2.40468e-10	-0.244792
251.102727	0.241374	2.34731e-10	-0.244829
253.724167	0.24141	2.29305e-10	-0.244866
256.345607	0.241446	2.24169e-10	-0.244902
258.967047	0.241481	2.19308e-10	-0.244937
261.588487	0.241516	2.14702e-10	-0.244972
264.209927	0.24155	2.10335e-10	-0.245006
266.831367	0.241584	2.06192e-10	-0.24504
269.452807	0.241617	2.02258e-10	-0.245073
272.074247	0.24165	1.9852e-10	-0.245106
274.695687	0.241682	1.94963e-10	-0.245138
277.317127	0.241713	1.91575e-10	-0.245169
279.938567	0.241744	1.88344e-10	-0.2452
282.560007	0.241775	1.85261e-10	-0.245231
285.181447	0.241805	1.82314e-10	-0.245261
287.802887	0.241835	1.79493e-10	-0.245291
290.424327	0.241865	1.76788e-10	-0.245321
293.045767	0.241894	1.74192e-10	-0.24535
294.564484	0.24191	1.72751e-10	-0.245366
295.667207	0.241922	1.70923e-10	-0.245378
298.288647	0.24195	1.66746e-10	-0.245406
300.910087	0.241978	1.62747e-10	-0.245434
303.531527	0.242005	1.58916e-10	-0.245461
306.152967	0.242032	1.55245e-10	-0.245488
308.774407	0.242059	1.5173e-10	-0.245515
311.395847	0.242085	1.48361e-10	-0.245541
314.017287	0.242111	1.45134e-10	-0.245567
316.638727	0.242137	1.42042e-10	-0.245593
319.260167	0.242162	1.39079e-10	-0.245618
321.881607	0.242187	1.36238e-10	-0.245643
324.503047	0.242212	1.33515e-10	-0.245668
329.745927	0.24226	1.28402e-10	-0.245716
332.367367	0.242283	1.26e-10	-0.245739
334.988807	0.242307	1.23697e-10	-0.245763
337.610247	0.24233	1.21487e-10	-0.245786
340.231687	0.242353	1.19365e-10	-0.245809
342.853127	0.242375	1.17328e-10	-0.245831
348.096007	0.242419	1.13493e-10	-0.245875
350.717447	0.242441	1.11686e-10	-0.245897
353.338887	0.242462	1.09949e-10	-0.245918
355.960327	0.242483	1.08278e-10	-0.245939
358.581767	0.242504	1.06671e-10	-0.24596
361.203207	0.242525	1.05123e-10	-0.245981
366.446087	0.242566	1.02194e-10	-0.246022
371.688967	0.242605	9.94714e-11	-0.246061
376.931847	0.242644	9.69325e-11	-0.2461
378.450564	0.242655	9.62481e-11	-0.246111
382.174727	0.242682	9.3671e-11	-0.246138
387.417607	0.242719	9.02748e-11	-0.246175
392.660487	0.242755	8.71026e-11	-0.246211
397.903367	0.242791	8.41389e-11	-0.246247
403.146247	0.242825	8.13692e-11	-0.246281
408.389127	0.242859	7.87798e-11	-0.246315
413.632007	0.242892	7.63578e-11	-0.246348
418.874887	0.242925	7.40913e-11	-0.246381
424.117767	0.242956	7.19689e-11	-0.246413
429.360647	0.242987	6.99802e-11	-0.246444
434.603527	0.243018	6.81151e-11	-0.246475
439.846407	0.243048	6.63643e-11	-0.246505
445.089287	0.243078	6.47195e-11	-0.246535
450.332167	0.243106	6.31723e-11	-0.246563
455.575047	0.243135	6.17152e-11	-0.246592
460.817927	0.243163	6.03409e-11	-0.24662
462.336644	0.243171	5.99656e-11	-0.246628
466.060807	0.24319	5.8666e-11	-0.246647
471.303687	0.243217	5.6934e-11	-0.246674
476.546567	0.243243	5.52973e-11	-0.2467
481.789447	0.243269	5.37504e-11	-0.246726
487.032327	0.243295	5.22878e-11	-0.246752
492.275207	0.24332	5.09048e-11	-0.246777
497.518087	0.243344	4.95963e-11	-0.246801
502.760967	0.243368	4.8358e-11	-0.246825
508.003847	0.243392	4.71856e-11	-0.246849
513.246727	0.243415	4.60752e-11	-0.246872
518.489607	0.243438	4.50226e-11	-0.246895
523.732487	0.243461	4.40246e-11	-0.246918
528.975367	0.243483	4.30775e-11	-0.24694
534.218247	0.243505	4.21782e-11	-0.246962
539.461127	0.243526	4.13234e-11	-0.246983
544.704007	0.243547	4.05106e-11	-0.247004
546.222724	0.243553	4.02865e-11	-0.24701
549.946887	0.243568	3.94883e-11	-0.247025
555.189767	0.243589	3.84142e-11	-0.247046
565.675527	0.243629	3.64107e-11	-0.247086
570.918407	0.243648	3.54769e-11	-0.247105
576.161287	0.243667	3.45856e-11	-0.247124
581.404167	0.243686	3.37347e-11	-0.247143
586.647047	0.243705	3.29224e-11	-0.247162
591.889927	0.243723	3.21469e-11	-0.24718
602.375687	0.243759	3.06989e-11	-0.247216
607.618567	0.243777	3.00233e-11	-0.247234
612.861447	0.243794	2.93777e-11	-0.247251
618.104327	0.243811	2.87608e-11	-0.247268
623.347207	0.243828	2.81711e-11	-0.247285
628.590087	0.243845	2.76073e-11	-0.247302
639.075847	0.243876	2.65521e-11	-0.247334
649.561607	0.243908	2.55855e-11	-0.247366
660.047367	0.243939	2.46989e-11	-0.247397
670.533127	0.243969	2.38838e-11	-0.247427
681.018887	0.243998	2.31331e-11	-0.247456
691.504647	0.244027	2.24399e-11	-0.247485
701.990407	0.244055	2.17981e-11	-0.247513
712.476167	0.244082	2.12022e-11	-0.24754
713.994884	0.244086	2.11223e-11	-0.247544
722.961927	0.244108	2.0221e-11	-0.247566
733.447687	0.244134	1.92144e-11	-0.247592
743.933447	0.244159	1.82531e-11	-0.247617
754.419207	0.244184	1.7335e-11	-0.247642
764.904967	0.244208	1.64585e-11	-0.247666
775.390727	0.244232	1.56216e-11	-0.24769
785.876487	0.244255	1.48227e-11	-0.247713
796.362247	0.244277	1.40601e-11	-0.247735
806.848007	0.244299	1.33323e-11	-0.247757
817.333767	0.244321	1.26378e-11	-0.247779
827.819527	0.244342	1.1975e-11	-0.2478
838.305287	0.244362	1.13427e-11	-0.24782
848.791047	0.244383	1.07397e-11	-0.247841
859.276807	0.244402	1.01644e-11	-0.24786
869.762567	0.244422	9.61591e-12	-0.24788
880.248327	0.244441	9.09292e-12	-0.247899
890.734087	0.244459	8.59439e-12	-0.247917
901.219847	0.244478	8.11919e-12	-0.247936
911.705607	0.244495	7.66639e-12	-0.247953
922.191367	0.244513	7.23504e-12	-0.247971
943.162887	0.244547	6.43282e-12	-0.248005
953.648647	0.244564	6.06031e-12	-0.248022
964.134407	0.24458	5.70571e-12	-0.248038
974.620167	0.244596	5.36834e-12	-0.248054
985.105927	0.244612	5.04737e-12	-0.24807
995.591687	0.244627	4.74213e-12	-0.248085
1016.56321	0.244657	4.17618e-12	-0.248115
